981415
77595
746337
977899
461365
643723
852345
701495
576001
714191
445600
919204
610183
925366
728995
937936
120849
158507
332377
959332
288121
654115
43702
931168
734609
806247
736720
893823
527890
916836
25687
270324
777689
565833
288639
949434
22365
838403
82978
3886
442698
560809
861953
426880
761780
982112
642881
4266
329337
486741
575882
62965
753620
135200
633525
499958
576121
206268
34979
600749
75754
561800
738128
936808
64283
750961
800323
265522
837433
702269
564293
550833
798952
362339
955423
599693
487689
330558
329813
296741
352145
984324
624321
545940
419472
736886
694693
809684
47625
517743
575977
191880
376997
300922
601324
988814
567414
680008
749665
489130
358125
870680
600316
895359
461381
422578
854120
387203
751047
185774
678777
309036
234117
45012
534823
832595
214275
772026
446662
382259
864085
174652
750169
240838
294883
392759
115840
945618
524163
902090
396890
792031
397739
841395
330434
86776
477161
956020
818610
404943
43716
883107
191457
562213
444059
518086
863929
668694
294211
990426
139757
307225
928840
746014
233657
556378
279828
474374
695030
244269
597959
642992
815595
449515
613060
435783
710556
519103
223562
346009
732902
945742
266730
604767
978320
208594
378440
801901
283661
844859
405884
735159
625577
72287
731946
920055
766119
269896
103395
537732
332438
875814
692442
951771
974778
132519
856669
697641
582061
752415
626266
895621
981642
683475
142813
276512
673527
60996
86994
343772
609806
486211
423723
76333
55669
859501
327554
382896
997841
695582
327347
404924
917872
268606
384028
583266
650644
933940
570281
434114
424312
576873
661053
453031
710072
566387
764730
39929
482601
361710
529100
674470
847479
766327
565112
740237
482410
591041
585089
405317
340600
883167
216302
204488
814262
191352
506370
65894
582565
946541
109428
979632
775628
361315
546918
442803
47660
832790
151984
940881
334433
847543
498637
239567
872509
176686
498421
524046
854330
201080
31349
257417
666008
104315
901551
554709
948075
327994
599208
193944
808164
963029
52016
317319
882734
796873
643653
416945
928457
535470
52748
730068
276049
827242
83169
595848
443670
757715
993430
739911
297993
529587
757903
549641
465771
939768
904555
817771
974802
109317
458353
182768
975136
588008
761931
572415
954568
75572
287709
127825
920590
50395
284093
378375
72446
638511
222354
867192
234281
308133
33897
789490
872323
997863
730813
627674
192975
625300
220764
312609
269370
219774
259695
153507
868323
877072
206736
800432
941043
53620
48274
579743
530175
203817
50499
392962
73297
533387
149948
252270
263321
923628
886813
506945
556625
1541
753308
755061
272641
852655
172964
588312
557249
607431
475596
396614
740358
317370
454591
158841
533230
150569
405251
995520
655756
611286
105488
965102
255094
185576
120270
243042
20771
985493
720925
984930
632287
26071
618122
246396
601070
399537
29599
992189
525681
893869
97707
210732
415549
610327
16649
354055
999857
7178
456855
55972
416282
507426
756957
353883
98256
890785
484177
620909
168194
946788
556097
17591
401771
707244
31869
857540
536008
32754
847301
979789
563611
489492
673843
25560
608126
824289
385342
28866
381119
142319
845569
665883
314978
950102
5136
901789
393005
921220
483821
153298
259697
32072
95038
422598
394814
741782
457387
125461
807137
11348
488253
782478
786412
140680
714183
316586
488186
224040
304544
430839
485237
635384
135636
650232
637670
73121
556631
239352
77441
572199
482195
562232
169111
192784
443389
324451
177950
217406
36824
506409
285286
712210
764991
102732
166951
626
918462
264682
236529
781006
207690
699906
685888
398884
241649
57499
151819
644874
583715
531625
939334
461592
601954
104181
51936
802654
263656
597734
365540
814815
127799
615757
300720
927674
754866
5387
39028
348993
591387
632144
866685
808254
751070
506981
864200
493608
359697
591937
489302
424494
832195
838557
778810
122067
654038
311327
685659
232445
540729
797512
744762
164225
65341
221454
137247
321173
365473
74600
566007
379116
301140
771127
815198
371920
297669
322127
907771
585802
994892
150499
709672
691383
15232
416783
57611
832140
460682
731522
480145
506901
303906
407538
619863
775293
348479
962864
530756
653602
409679
166276
976019
454342
683822
700277
890315
893494
943516
604050
965856
584631
318056
18331
792796
489288
766780
444799
73970
276071
972859
453926
740664
481828
654272
202922
912410
985405
501196
842030
394786
554463
933733
300351
534328
669158
736587
809242
151373
314311
92818
979729
602685
35157
145311
42703
195538
438361
614792
729306
881486
530873
535926
298925
451585
815489
279912
296924
295834
535301
908122
396921
713732
508254
997885
843529
629796
465330
5675
605298
960738
674068
504784
305075
241385
316468
827541
756314
934358
662939
992103
523331
479327
790143
804318
842586
530352
538398
818911
149402
242158
330705
535308
389887
508093
463591
353237
123636
182602
466417
144839
263200
114628
647168
418044
432729
697474
314962
331030
153999
794643
933943
68725
277229
988251
834981
20541
34168
546757
565052
823152
739495
873982
66658
862470
641535
229661
129254
940366
916834
850773
751510
579393
267778
136768
132363
97464
515715
793077
722461
353713
834557
683423
631467
793068
140959
618585
796247
18401
648931
660101
988512
247600
140619
840921
699945
402006
658679
237653
316179
572787
435272
226935
638278
16218
302138
50385
692087
725853
183184
913615
719915
533888
640114
65601
275608
673849
752621
807550
945539
972883
114198
331815
111627
208863
534449
650249
714958
642909
235270
600896
327934
566071
92770
990199
190436
155582
519161
221167
235372
789076
371939
262907
196572
991628
470800
408746
672282
77204
367658
970489
849265
253201
580077
59762
273152
740617
449074
888790
92412
300800
872950
754452
854536
351098
683850
413774
340
508544
176266
919622
310323
163039
223532
42685
88527
143301
21242
949137
416794
890807
173054
509569
159282
365753
651694
903727
628259
410621
500891
554174
896187
561343
396269
607558
84617
520094
671874
560838
616827
523091
534713
699031
847053
408173
663308
593185
445984
416968
408872
765728
895548
336466
584483
286112
970764
873312
38489
281078
299127
784084
160397
385468
311943
237277
876092
972212
927303
952638
35889
142361
29059
859298
706454
721115
52633
904532
270929
819402
881282
71462
149552
452349
294918
840280
663299
863263
999952
604481
315975
183562
588230
137463
869335
495459
405611
744484
183346
257529
711705
948088
270489
233746
893979
391538
586896
149105
792960
671480
112609
93393
951975
98197
856986
814935
374504
455631
60936
163473
998328
404516
102657
790451
465418
643676
197078
433520
125823
282983
94249
381773
362395
353015
241299
339395
326732
604928
129555
819856
800504
931126
944085
305781
102213
460391
35463
627279
868587
425758
501596
703980
843982
61321
346935
699215
510288
493113
465716
451090
456304
232638
83716
418133
894721
104992
346514
628707
207793
844906
378537
848840
72568
925618
848693
456549
613184
420095
736521
641516
643704
826947
79340
172300
51
439718
960885
540864
36042
71083
387103
846730
598894
646343
608344
596068
241338
94837
896643
721935
598883
451401
329282
210889
625153
957866
443279
591108
164672
68809
397010
788391
601889
966548
334418
591584
619569
602577
7725
974761
393497
705822
65487
848414
491870
211745
446692
636942
353532
963417
256587
328216
823879
82128
421646
410921
964057
205733
167888
101250
746051
467466
833472
445864
212539
973475
531370
324997
688437
160182
510125
882682
126649
942632
137751
215561
143646
105905
786580
357127
153564
188587
84649
304278
755310
944271
181541
697544
536502
829289
209531
546412
712321
444959
293682
379999
761167
862327
254565
822581
703576
704600
992875
658555
588043
928291
711595
530619
357135
497351
233889
859266
41962
979723
295012
460300
950952
252884
643273
849482
84872
291666
433206
60760
978010
463265
627512
941916
890190
850074
904724
519076
649512
26140
17852
191458
862820
749538
710935
202226
258307
224298
611340
245488
155900
491428
595301
301206
769317
180352
76862
25296
255837
566697
61362
492128
390854
402954
644571
314648
474304
798561
60789
982841
995920
687066
195810
605859
563499
363883
369882
895783
525447
572241
493323
355813
159114
37348
9554
693333
926841
734511
281279
840647
929182
43733
219876
784504
778503
954998
399076
901793
892506
469211
587818
315239
702684
582560
956977
898303
381091
595619
205771
493586
364315
301083
763762
550213
397419
647352
671882
358296
315928
308122
137261
990755
894795
733936
425792
941690
428198
931545
420688
139926
526510
764333
638893
482148
788450
404092
507685
127301
196863
327482
557844
707250
676873
931265
568799
558255
187156
318213
897001
884107
436859
990901
433625
954859
352139
550455
748797
977143
995661
102221
760940
646317
637250
656722
998505
865793
745661
843574
907984
639384
571123
836135
985547
881807
238053
92367
323513
690142
826976
104354
682662
412736
609215
374347
847367
472476
52632
146508
100880
758995
404205
530761
971074
992998
756709
264426
280621
274339
87478
748070
995948
83192
906778
792543
988071
822478
655529
433518
414177
500467
83486
698818
180031
235171
850552
226536
437748
944255
762482
870649
409616
704643
809480
358895
265875
7556
434562
545901
682249
588914
138197
643730
642418
553200
820693
594560
67140
257485
295065
436654
690740
427644
404979
718560
292094
755963
397248
44978
799505
545926
634554
855647
478402
882256
758546
891144
50556
609878
990988
641109
291955
196013
336927
934307
390557
372311
703902
386611
859352
485112
33409
904205
708857
41995
334951
45760
41302
136935
942868
562594
811584
237791
450275
423464
491272
355849
838542
604731
198096
986139
806399
839641
205384
661382
519891
319184
915379
792103
432617
536640
397912
1385
566185
391030
410310
537529
873799
821257
6537
35333
618031
746235
571241
620222
754602
219810
58438
64395
12629
550073
647178
6543
450568
384025
171634
6483
688885
566727
645564
998173
366065
839649
409835
795076
441404
818224
808293
490034
980724
259452
652601
396843
419561
302962
325221
532703
782509
315917
557532
983514
185724
899323
183637
422160
107356
791168
532202
333565
154480
300834
223620
123970
804620
434467
447146
861238
210165
5333
610359
384835
75842
154935
374578
122044
138669
928442
990524
255700
897041
373590
748556
50285
388918
801021
891104
809246
125826
705420
87714
923611
253953
625721
84687
995843
960521
819231
502047
492494
428785
485783
516440
27134
633002
614821
324438
391158
65650
586739
211742
51628
106801
30439
78017
607754
42228
135514
263179
598069
877509
196458
29672
873553
414117
970043
352042
133873
326715
208039
546771
173189
527692
417141
22276
512189
612678
407976
422605
853880
129546
713614
518811
974024
821277
714611
782210
120383
935919
131256
900540
559728
396494
266056
115881
73492
320381
930706
256196
166266
737368
730534
665460
944837
990529
393373
983824
225195
688592
53256
543640
666738
375540
83413
774533
245486
278055
127560
712141
736275
157437
321460
724590
13139
725514
825153
137046
665998
331473
113504
243126
771550
411604
422298
471909
518950
989566
793385
248751
240362
442613
499697
831102
805782
932029
402509
982448
125749
444772
367982
527254
434753
940605
690274
607088
947594
310770
890527
14905
43206
618212
500994
695808
54258
170311
963557
324227
716389
32194
150576
276987
710546
604033
571272
873254
212509
444938
50814
900294
322931
64448
197398
511972
120995
103902
643135
185098
896639
614690
4667
894471
82943
32736
767734
616872
565643
232709
951933
159704
728179
279722
303492
549967
219739
504001
152831
779434
698265
38337
699625
307020
724006
84554
814136
291824
130132
299101
543072
504021
67303
136265
327063
624889
801238
812969
114763
48503
431734
812737
227547
902578
417606
890429
42533
320087
324015
499914
159312
527010
997569
7279
782809
382799
108758
835035
792977
174148
157788
473789
466785
399987
86495
404816
382147
255671
748727
636386
761885
198093
136858
713394
469344
751395
409794
394121
928031
323132
664572
749790
953564
493758
576503
424732
931156
47024
706276
303105
51608
108350
847606
127218
998873
185875
149735
2522
475592
606582
739
772088
525451
625265
68776
934332
281068
460519
280754
747080
371154
681385
421158
919023
229464
25649
400326
322008
275244
604672
875597
493771
775089
427930
826973
104317
919756
894345
525705
968275
336124
270848
776025
737690
890941
560747
194450
655651
252286
297475
667386
383809
964789
135390
736853
553775
647080
768096
776771
787910
55023
553352
693564
205968
228901
939790
394580
884025
279288
371582
970637
628066
954654
205111
392471
639653
170541
511956
466466
913238
239789
288539
559527
932778
338437
428067
324506
401651
286176
682136
460446
779204
869658
76787
257596
51103
348452
485697
147448
72368
732054
108407
854691
308996
252102
193296
190842
469756
260339
770705
699934
153230
674841
551637
84904
328528
271261
506595
645202
475573
37309
573126
354690
479409
363435
540673
982597
860422
847349
452558
623517
997205
402754
948852
649811
952717
657044
729628
369836
675115
966925
872397
538659
489536
605291
470311
619237
672482
697233
553511
325255
441287
634441
429805
488979
40256
505278
788637
295787
564434
939321
793631
880764
161123
355917
837615
972002
562089
690785
462534
520122
651720
552505
245781
87679
400430
16586
350634
918619
272417
344871
164409
377398
11708
534840
76430
847967
410542
289668
404241
397135
487823
703704
54584
727275
388200
529226
278082
96416
905025
288254
399224
55992
138281
162515
785435
568945
331225
463503
474680
67431
181163
625816
556296
912788
661895
62680
170006
540600
706290
340887
155214
423219
906882
300377
990049
515157
228138
739783
161183
728902
182239
197886
653731
216251
813814
142434
436090
769482
116169
126554
135266
715524
224961
719714
985061
114711
670689
129216
190214
709399
130223
869023
221806
70242
478887
192672
761155
112530
550305
783533
41028
484314
317587
478245
626166
126226
955656
743188
646961
748626
457068
719559
375616
34320
937960
305089
643413
601486
710898
510073
805953
814412
957544
287122
199141
154162
841806
855230
39521
156411
709372
779917
898000
804496
355550
924588
816941
134512
550826
180072
337309
483220
365518
541295
833548
459446
185652
866883
978458
444421
536300
618380
835
578157
321164
711178
809032
296130
437209
987318
765571
747571
530877
60379
231867
450575
504391
968503
604449
96865
244554
182842
565854
541176
569855
172716
600724
907487
823261
453390
96590
410886
148708
289290
792774
889993
986363
521189
264522
75359
835986
683887
802280
978979
624197
92615
760035
588376
148959
631362
921390
275288
133635
590539
287784
42698
89380
562809
216193
161838
535514
776433
797043
82129
590070
730243
254830
663234
626456
739492
959217
1069
356495
60764
112335
201884
564169
313299
15135
141557
469131
300703
228250
363467
128228
826445
5125
51857
38506
118240
284412
661883
870930
622617
655220
728774
538881
19749
567743
933487
187999
498673
172862
822361
369512
545139
265058
64401
229065
67400
465592
937275
162376
227520
309225
113964
903533
364448
429877
387892
772901
671632
365080
268887
867848
862782
523993
410417
744225
526629
859387
977427
934095
579049
522043
663604
475748
384441
953905
432119
393643
810753
209842
252645
627777
842607
497760
851324
607905
943321
451370
730080
70480
391314
361713
794678
207174
235402
808954
244849
591327
459180
858077
559864
796618
102377
468713
745366
763644
352425
81342
246317
122681
133326
179622
886423
123238
686725
673655
421960
391835
383546
433396
12040
511151
296503
816961
799954
354
179455
697809
212667
284230
444691
364220
169948
328429
651732
906962
118183
321503
981061
363673
352866
305728
413505
406510
386086
718502
594025
145019
771625
244967
252694
275496
373623
394323
293007
491643
940029
391582
950998
334534
402698
512611
845852
542364
819260
986442
229691
315946
559331
242766
753299
514739
391050
933330
180812
479395
343363
492696
359745
295736
722706
644509
243449
735248
480722
238372
85245
198768
886894
806943
449049
606312
575180
347811
845659
133071
500823
153302
812570
65040
864409
425838
612271
519403
262681
736202
237886
14822
245514
957651
294512
776893
657570
874484
523646
877743
96838
47704
404306
193597
954430
969043
664515
504284
575496
142440
79041
500920
289196
468379
680554
990521
463596
585647
865551
512005
487216
744024
389981
440411
430823
342384
160590
256641
653746
503196
120705
544226
478582
542001
18111
5753
703603
616650
645700
582858
73799
759514
49423
912902
607396
946038
369879
151066
349197
787279
328225
607203
806161
513438
477967
17712
543269
211371
968048
345764
326884
654471
840142
689954
626401
557256
251979
208512
63904
653294
893807
137458
227999
816461
919249
879973
259352
755592
897273
328596
433583
577507
667239
230801
178983
344398
290467
752201
317408
942007
63913
756439
906882
379804
880841
52936
513467
65149
935269
665965
737439
204636
958229
1044
785208
222642
947554
336528
100230
16002
395396
593776
628076
120697
167683
892816
535548
842313
151034
11020
150090
538436
149688
194193
586719
166037
457625
182346
815444
875889
36178
562266
363023
434375
961917
896924
7591
702334
188265
838065
121007
484980
285500
643307
667321
772669
297941
580538
581124
931837
804171
113902
432025
897599
445481
823659
468899
509922
304398
836727
994114
673955
686621
189255
526468
28863
847173
584752
526856
682058
814872
302346
348047
563194
778955
619192
51096
123695
155531
750215
748342
946875
541929
197238
397131
296812
459899
880128
478666
837901
822406
957910
902303
625352
428148
230526
421313
917186
930095
872574
294223
725437
809701
61179
619136
512885
889335
546009
599558
981769
22689
684080
532446
688669
616157
22683
935318
421469
749390
7079
952963
951646
695720
393421
405762
593722
32285
137432
979716
94164
763770
379828
395382
326673
115031
535659
280772
168435
689336
949090
56574
471873
151809
195996
96881
517406
742744
760741
375272
23761
135783
857070
833303
364223
528429
629591
766749
197051
725158
406897
310492
756189
568419
631922
51327
44607
643103
984575
141643
53044
692164
592970
319522
135595
919442
851917
617540
117341
813746
398691
796346
302889
33360
589803
664954
630775
398006
869943
33809
641182
318912
802448
576613
139212
930475
716368
138660
174566
746843
501914
403695
459373
937140
531369
732604
757864
840046
782691
888827
671632
55891
509862
830599
295319
644945
286869
567318
382630
249148
557491
422397
512185
374076
527358
652687
906147
706000
799806
565141
436058
450752
475009
428710
545331
16306
509827
987396
261965
900711
280152
332670
251739
179707
6690
190564
150138
656124
240076
611161
617085
950101
258230
670814
790697
212825
174063
413152
42123
662314
588426
13243
404758
449637
448612
569292
423789
733333
883333
665210
244802
111801
732637
821312
900535
434142
904224
601508
732246
103087
386044
747103
198903
31896
675335
139734
666872
980633
770855
959264
395358
481002
974593
956973
355737
70369
433089
199639
93045
571723
313973
451702
105819
600034
229729
110408
677822
895678
601008
693027
262695
459917
883630
87312
46158
414047
364892
640643
305948
251386
155301
704861
191045
974724
741929
595
771628
444957
937517
986932
6208
25317
94664
224565
886763
884568
199589
180987
934836
749242
387876
551523
385888
149135
258644
261462
564433
292077
240848
563473
862804
145438
201581
446317
791508
47109
427499
950572
207958
583367
857933
687895
107307
787030
913116
563055
257931
735008
359361
453473
179310
815606
593496
586066
302874
205004
805533
460481
834973
950654
775610
851112
410651
700021
364408
294813
437204
803012
818423
410906
600833
926459
514555
792204
343102
551269
691240
724104
997400
309528
833591
557926
44192
659971
610471
161814
708518
796496
513394
323191
870353
6410
407719
510546
432508
73939
83197
124488
237929
880952
971513
784043
252414
452895
238610
221907
534784
348020
251805
941681
103575
944281
826044
201752
178458
600111
16962
558073
372343
178699
315820
28014
443509
434141
952563
810588
33170
168846
372120
117252
731748
356196
918726
176067
167999
416750
353828
225020
928051
457235
855934
934175
364717
926499
563131
830221
497871
785843
603675
362957
255735
561232
383464
534379
61942
101544
45772
899786
229995
849194
423938
181025
619614
711963
473755
914059
594437
85052
544536
955159
274468
525995
985274
631332
506
929432
720977
763101
50306
737469
489204
270058
239863
426070
509370
737879
561207
939304
81445
567658
597723
272866
880516
672603
96598
387953
98578
750545
984407
583649
908992
46307
390626
812976
446264
85269
20695
594431
508119
399665
12529
743314
48440
492444
44318
611257
20579
654
127140
509486
97952
293729
249799
984869
301888
595420
842837
51967
471095
68457
986153
315875
568614
4577
710043
40385
954645
32268
402286
866550
343038
450743
622835
884591
301515
806959
868282
905747
311927
120742
174304
458668
374761
49383
385181
148745
150708
803876
834034
779268
659002
993073
671311
822970
272762
69534
752735
633996
518134
316092
738741
160413
492604
748652
692588
637068
161928
565917
901855
514590
650426
190801
283981
553168
892520
200197
762292
191387
456295
791190
598364
981006
983305
104444
538484
64694
258702
683150
271989
512616
112306
271852
619798
284113
831489
323033
61542
645652
351330
618398
854007
124545
325164
713021
535121
890841
467021
529695
575953
57061
420468
176235
330961
843300
101727
807732
275698
111863
384359
351505
701259
150181
520888
544355
324882
934743
94442
378084
63069
94125
68378
745446
110191
718631
739023
263491
550179
166942
840590
107737
129771
574958
102233
775838
66607
72718
941057
795557
426077
443477
894467
675408
182457
539455
491321
517841
1840
13989
507297
414057
786713
165318
167881
572580
340329
130165
923378
698616
926852
40878
790626
914331
269960
512837
659101
349879
904120
572833
3412
890363
157253
884511
560690
323210
314533
353299
126757
122152
675008
319244
323903
492798
178690
851064
980043
28939
24660
384285
420749
711859
950163
89419
864918
703254
263541
6103
142457
461028
932664
715055
572840
402261
555156
797357
137609
707754
252806
62899
264533
90574
420612
324352
213071
537019
509630
600397
914409
400879
567641
495308
961448
506637
895007
279774
855821
578384
643980
624700
237283
81280
822481
981565
497870
808905
140692
810314
121533
306895
884206
124366
328154
25334
879757
835695
462229
744384
715387
817091
806936
863168
860704
708473
944236
886710
741515
797175
887476
356128
601233
428010
263985
810601
433296
674631
343964
867077
962199
965399
355134
642088
387093
473227
648105
29521
327153
455126
845097
49842
778684
832388
194469
375269
732311
737277
139358
166963
735694
64504
621954
871964
887271
192679
698020
142940
920096
264744
683768
311753
864615
228008
325233
910705
793128
576047
154994
253552
40137
793513
619583
239555
545562
731106
927448
716493
274831
163641
227403
352290
367874
11629
690410
963012
139408
522613
285279
149711
425789
403587
89780
186360
865877
839866
588263
429792
359226
876488
964678
934933
452373
427711
921934
647037
257853
479646
997819
583981
597247
388515
569418
178828
990503
129832
782517
401750
687504
885296
350426
30990
487255
148972
120791
302796
518984
965682
81111
672989
899480
696485
23561
360108
440731
849171
359853
384961
191131
379093
613951
100280
222559
618384
188218
740362
915681
155762
880011
358402
928521
737135
346460
300135
988996
982783
289779
148909
43144
232853
116126
315397
622620
403685
715378
804608
359361
325812
514394
15320
28022
248559
742391
945358
302472
913537
359928
242336
199741
510348
88058
252680
664676
852839
9218
931119
903608
837510
488658
470963
755782
427218
813925
957746
465025
949881
851965
527290
535061
239225
231090
291179
275085
834379
364324
415350
956058
42943
265775
442815
359124
13061
654186
307771
564053
250191
959535
301593
527260
155442
597593
68602
260478
430476
882654
707731
232470
29535
268150
462455
420069
756974
713168
337895
467681
568650
402409
537004
420569
606250
136892
463429
36178
726443
203354
689382
688209
695241
7134
663176
789102
833405
906498
86596
553125
505768
74713
25257
547150
768215
854734
275107
978186
675156
253164
513667
111013
757129
597712
961190
713526
816756
712465
278057
191089
191910
10201
234164
148741
517201
491376
630714
453090
666701
253698
92697
469886
330326
52843
889566
518924
369309
175312
945664
429001
760869
52707
543236
579047
54844
514049
675246
54533
78122
111887
114566
33197
928153
678473
35686
548232
435628
435891
973422
90393
660813
263178
449567
264417
540354
984805
322094
84538
130323
899914
940879
978902
9921
339614
250195
998265
128453
204532
61008
822665
940948
908076
285243
525806
480206
462470
960526
737783
699019
885049
5870
930707
970419
580695
643050
688953
538813
266160
894003
99579
696884
653611
574807
365196
453066
749302
197255
975065
966860
225983
478706
393621
425615
626888
948071
711337
693183
323596
585728
173429
945428
51528
877109
697162
833245
377354
158360
237263
968964
20498
372463
376623
720175
684683
37879
176672
882536
801586
582245
85601
745616
626173
22754
182348
896288
589967
871341
251970
596504
796921
260204
853018
207603
106555
320627
690687
268323
867924
85370
661630
347595
782052
629956
288723
435774
740166
698512
267450
9632
449042
573410
326768
985742
867503
418640
41599
966714
236690
886795
679211
932502
454083
916411
382074
804603
136749
847855
886116
966107
649082
613267
337040
904566
671983
950812
985781
151428
309791
687916
16388
263509
839518
946755
417720
867610
582240
985013
683807
317990
269990
569307
533457
370928
420261
272911
146649
498305
398784
499018
615075
458937
673858
336676
232039
534002
77890
787537
312734
558833
394997
33044
844127
96112
172070
446154
350954
530352
85369
842194
205324
683544
430861
458946
846001
784470
364239
113247
519522
117905
254799
946106
312999
355218
285976
325465
777540
335032
595238
899343
990093
186047
608070
16635
984574
791995
25382
995103
176188
315849
151412
101930
624504
41415
9625
509101
615914
166433
479937
650609
123928
54194
727036
844063
435515
692748
371060
333677
227332
474486
545764
319391
994618
153333
603485
645657
28158
30621
217712
522859
320056
590313
302348
658123
947220
629724
362264
181678
358727
458809
231658
934006
179787
861713
195751
839835
328481
873011
864548
179883
213569
511714
772624
334088
40749
76821
728856
493494
599393
950391
519900
239883
242438
70815
372814
282220
388755
79925
103821
162895
245551
954998
800386
899501
849180
840934
747789
229672
706775
191351
545412
912115
619859
225514
674429
692745
481595
97761
751113
672399
736197
150430
419816
439562
590698
141499
909076
984499
400382
370904
505695
685431
867842
915953
444361
940794
32999
650011
611285
518381
765345
299491
90618
746168
794215
419046
757373
523581
567085
931397
345045
583418
200280
314611
311733
955703
627125
845314
352050
812857
946576
691105
8017
86503
25474
587663
807012
242424
258748
575958
604408
959093
740073
770755
18196
391266
254887
733449
892942
224671
271297
427974
259827
155661
376289
936376
684059
763422
323695
610587
827516
169963
465758
88979
756405
668651
403907
926237
848270
856413
985697
657039
643762
594005
669966
619912
464184
561796
959613
928574
807170
134069
498344
473907
315788
721801
604040
617353
778189
262468
704883
160876
635433
229857
208564
616212
973969
637580
821713
440116
543361
965596
352776
812060
868787
982914
309044
315438
358479
36064
288517
868010
323744
824532
746700
545454
890814
453523
489556
814837
901088
567100
571294
135535
60479
462915
593364
537914
31867
497595
751716
558735
956315
863067
214078
192592
831809
528118
223385
77870
486732
889905
620221
539585
834736
63795
755181
344832
615486
946243
345432
2560
398070
62362
4614
154169
254457
605794
440648
819
845553
502896
892174
951106
745811
539343
404181
374062
119034
617197
818261
749476
411937
827025
555190
676066
746356
139618
34338
752489
128964
849897
891610
236264
702001
653136
321789
792947
289395
224925
929693
141754
819696
440221
521044
850440
728930
942942
769262
887722
87013
121107
89103
521269
329823
835772
931193
593718
23957
499113
785120
64595
906234
833486
487814
801944
424808
9837
257096
233261
624308
977663
2446
126312
262269
782202
309372
461675
220800
571505
576278
716304
400726
858628
309955
750251
161358
324003
506178
853482
839085
41268
494547
206425
617919
159390
402471
108362
659668
98056
426164
123986
338614
938559
387138
20516
660871
302436
410458
679071
973991
526224
801673
94204
93652
947026
580051
502542
624034
281490
231455
779252
285017
19309
693939
412727
770618
433439
451004
445563
810018
736800
224363
700260
888877
147566
804852
857980
2065
26687
838579
697537
35581
639954
808008
366322
159039
453812
55478
857678
188923
248584
933051
93879
973497
950780
509529
231406
744699
538485
668993
735328
388222
211252
2671
849757
416310
833330
604667
634616
975022
278385
47773
757236
425729
713910
660936
788412
575111
973064
392131
360748
960387
695519
34745
713058
753062
485308
648899
360368
251475
131941
958668
493188
638948
494328
491948
385374
845324
679293
116364
496389
638592
852969
686144
950303
876898
787819
73438
874299
180673
485413
564274
397052
132494
442513
760511
342547
829742
346468
770187
424493
645977
589366
404384
933054
80296
291912
255952
114012
908296
215250
188522
587028
193093
688289
508469
990426
526841
550537
747886
493697
13833
164217
729343
368269
152706
545763
36766
872372
470826
767012
50162
862638
40280
125333
99757
947346
913848
374124
113271
503789
727757
58129
516650
524600
401724
434255
649395
298605
622843
100511
474022
904642
508902
727952
549837
551516
357768
852422
49673
663118
836114
144649
379889
35307
987753
392445
86006
837485
315255
38923
103842
59394
94593
50867
224814
689280
808839
585931
650063
910626
383197
614100
370676
851267
504220
903608
603249
284380
170809
832511
962733
927904
314938
26278
248343
540251
714029
565229
772624
774110
760256
577367
800829
968102
740069
580950
803567
842321
732303
74465
141263
4039
879303
729347
464421
434323
62741
508399
977907
767569
764910
464468
247785
937364
690122
299559
47471
631373
308656
146536
21787
483372
53726
31274
144452
575740
769576
505147
465533
515309
691215
570820
511406
719153
683813
81448
75121
995869
967877
266389
570126
184240
553067
793261
492928
348288
904179
990541
780027
102725
879172
103733
29029
227323
801193
93366
207492
342925
906049
489347
741066
762884
310079
527088
598585
302994
642899
404833
687253
608153
784961
194464
625533
340779
899758
334425
468233
859104
964701
716148
474345
823206
65694
592976
873543
828457
214547
327352
593248
230696
196306
584960
646540
937778
621734
159421
974451
226320
326534
245271
106473
113938
777489
954476
844704
681879
205480
903505
783191
357700
306819
426232
990015
477857
546026
144695
519316
337011
682138
260712
292698
678519
989880
861241
392225
709665
555112
754204
361759
762251
954616
143849
125501
868508
567517
378158
316429
153703
190129
418699
125350
290241
667649
589619
854073
982738
217461
815985
701979
208941
864816
374074
144270
158065
327666
826395
210180
541582
296033
83031
469947
241300
442199
936868
481821
911959
357451
559720
191291
491561
237147
475869
75071
178486
666979
641780
648705
111809
942251
212026
14105
199379
714591
86715
193518
508273
232636
957169
397229
713142
174147
792176
600860
459656
642312
507775
347856
646162
473057
936152
857145
669553
810420
952881
650718
525614
619932
443855
934527
138102
601790
209390
377683
352190
318770
620274
76356
766390
306074
307609
141718
13788
140696
934693
221692
654471
653072
412356
801734
678779
883365
8134
591328
492280
324679
993345
304817
365058
814285
472781
517874
244576
778849
930318
96587
380671
641560
501800
551224
505654
43604
204397
521726
237115
881189
393518
405901
953170
659423
51387
943569
134455
817632
210877
949004
556595
855951
866853
492781
4001
642956
279405
326096
791963
77211
196673
543389
415126
787200
677742
811828
867221
956007
6204
196799
159905
264908
123973
540997
905665
159671
383900
17601
358845
301241
242736
623302
630081
890204
789661
783694
544535
918073
223963
460140
653933
414102
364233
189842
711366
371357
549481
34554
261588
705201
444739
479468
223744
644591
171287
936061
89539
4882
732032
312240
847579
682077
638071
549934
833171
443977
419457
612683
690385
37688
26570
185352
470672
982501
522974
38235
538695
696502
755340
112084
687090
23865
890305
242505
658313
941751
263354
310408
222813
449010
416084
721498
196096
795611
971188
65308
305122
655546
738279
289894
9469
158727
292665
401611
122330
867732
90694
841268
29286
17603
309193
905224
525573
127422
103897
436967
305611
963055
289112
656526
746321
836289
499977
524789
702816
913339
435141
193017
199581
522508
317047
264301
291247
932570
188033
493727
830918
661536
450959
449885
15904
513470
364776
157552
940642
650161
103226
510597
376428
693100
175076
184042
593449
168744
330966
873697
946298
476398
578798
557763
56396
318857
883285
142369
171766
117478
621296
905175
299296
749225
370925
225622
370363
444000
784040
908876
544375
586145
926499
629745
900650
155121
179479
851245
709740
457775
241124
243829
229221
949120
18595
569628
614917
980655
837507
599922
480385
941759
170050
489239
608240
761387
63698
154298
396029
448855
57302
925988
392287
21655
612250
332616
284709
869480
308280
797187
820666
333248
573558
908345
599041
635926
943794
275313
646433
249448
844883
884271
786636
188442
940656
213643
899075
454717
111396
790930
19985
198253
858847
279479
332097
653960
847574
792571
337691
377695
232792
590469
190511
218007
388991
882418
404713
90071
585059
444516
702589
110232
672593
572505
909900
570947
484086
987214
500882
278377
370724
939399
268321
376832
196781
51832
853267
165229
192442
13456
248216
656790
976950
254176
306447
99264
590284
559144
867172
781178
255332
903440
161720
846225
395425
785496
308810
690574
64769
409225
549351
430089
121193
245275
526298
282363
208805
944749
102459
731095
465901
8514
252824
935758
186614
213833
20259
453549
852038
320143
659216
555779
74367
133599
775375
688002
351010
878402
701516
214898
775186
284224
348005
144492
196042
258032
411221
75413
236857
435625
443173
173500
689680
891873
184275
190048
550372
933509
689929
685790
923255
680788
663137
231282
672853
221416
768815
47545
346619
244693
952992
230933
795017
211823
723662
72155
828334
208722
445836
401188
615393
797008
634552
868146
701002
666536
33614
865808
162739
601884
325820
653218
477935
952484
45208
539584
981734
154040
681537
864710
25451
766359
747700
101744
804755
290047
841082
654568
25247
381635
498345
104954
240813
878189
470949
118991
687473
207632
55233
611698
65209
938941
241173
655831
411783
287090
659835
250061
947503
752765
554022
827475
523965
607483
994632
151111
260333
474898
582133
831573
299391
394117
395113
708310
546431
886304
