210303
564499
293695
915126
289099
947803
783097
946288
534731
527174
107443
731837
167846
534207
111010
288948
978068
288051
885054
61449
723541
948296
611903
679761
183143
848581
67952
505620
141614
76829
891021
186066
458340
141491
701726
685650
52727
53615
471144
40414
303555
829785
110724
465570
429365
986259
833760
688186
860629
984505
50282
672480
544390
12916
290004
433488
588111
503933
936638
122339
765279
774837
855812
319919
342462
611232
960335
388049
790095
740675
278627
579838
813411
496047
543721
339948
549787
395580
317534
82263
736335
396711
128542
121493
553963
252117
862560
489994
455318
54725
112636
297788
734638
525218
725508
668536
639863
555391
701855
120369
