411903
535122
657826
484801
466219
220760
148648
628887
772070
318942
971577
594857
726046
189786
560328
436724
111895
747422
623998
78575
854072
33819
983633
779905
167008
376997
802568
260605
497283
197290
73328
672399
915479
965594
461926
763521
124440
720368
525677
545270
147538
800742
525072
843318
952476
336156
391024
203594
18351
767140
579550
84652
200510
930982
97891
772459
547315
167758
490157
485866
197248
856179
46030
22604
539659
172473
980608
961126
382106
953378
478884
409601
762382
963166
103296
385458
808218
962343
82383
588595
137535
713977
653852
520765
892178
300345
117648
228924
814932
145085
33190
310255
236623
152507
166971
246631
98169
440785
60961
696309
374377
573052
102901
492490
140780
250625
653620
421188
630345
818273
920114
879548
211515
234833
475761
37269
220122
302239
688907
574758
830601
423633
820787
551033
771185
979465
337674
418311
438368
763531
731528
26512
480263
38894
44003
851586
996106
814483
722187
375878
26107
829560
4403
208869
936349
427120
145584
848129
80021
796312
478307
254228
716718
965492
809881
310263
425677
753701
191610
99469
263586
128090
679498
752245
78752
332536
354050
276052
538888
888999
932720
146996
824754
710693
592848
987384
9316
680852
412940
410191
745682
725411
593932
989930
194300
126716
551919
529062
808570
90476
850615
270233
227059
562298
381417
840982
250466
134885
318639
766476
558986
394976
466289
432558
162741
622155
956098
926223
708668
89275
845582
415226
255193
24874
682842
508241
483792
51137
397028
432724
255989
513382
378141
806297
246111
341053
447378
29744
852148
99574
295808
648332
648389
750728
513114
564678
859909
424425
799091
469975
100789
98099
498218
570585
316799
992543
87165
491841
958433
191355
964978
225205
154930
66266
591434
251937
190256
719011
458151
908711
347945
794563
417941
766598
427489
588440
659482
971818
51071
585645
426114
189489
669984
988980
16926
230064
953613
856605
896173
896472
906588
916172
119479
996913
777490
82678
987089
802819
554216
364943
267117
742342
940956
690108
469781
924313
759658
740063
409835
512672
574144
210751
869060
809852
263411
565659
82
838832
78444
579842
720186
766286
897477
863468
371750
88052
869933
335407
866246
2455
92002
647518
952833
819371
288785
497454
522356
314624
244642
685632
784320
921784
577932
934631
361626
850572
118433
557659
617409
785471
427149
555550
493693
5652
647164
762898
484815
645595
20255
83891
954248
255234
271626
403253
657605
246468
713025
57648
887743
241212
565581
21421
27519
588002
622106
548883
943866
275211
76703
783893
661723
19384
803686
89349
286547
570125
724483
641771
77608
226865
242619
426186
810899
620718
696714
553340
950205
831137
318107
65943
526972
520533
907248
587684
549525
45213
23344
540552
590056
247230
940911
105990
718016
3879
763001
161935
24802
262809
697591
471035
499013
118506
757322
667894
219347
222894
192372
623327
246706
499134
816325
730733
39435
714568
483142
163853
445164
260838
243718
710157
362304
337557
815105
109895
364944
525371
839402
714339
280778
586463
663585
236515
272028
219280
39215
455625
774293
185908
415121
191232
195529
384337
684571
801459
10532
294449
444412
126325
876020
620625
674410
35203
124860
279477
849669
630913
859727
751663
315332
167171
999845
392166
384342
718335
338922
288774
342840
447412
288853
105054
242205
619466
103075
955178
654740
719227
960661
721339
50077
353984
287988
184542
55120
849199
658282
833406
338698
550544
99259
768847
478942
863068
114514
411925
677944
968096
967087
11107
741395
502310
650194
311030
565700
243252
381357
276882
268049
425418
191518
21350
204715
166002
252870
649542
479634
455617
434394
369826
874958
359180
333773
425428
360677
195326
328818
519986
340069
595932
217777
770769
637562
309178
249405
907482
940458
590113
379416
244280
110201
997226
557806
926701
891986
306788
236653
872516
956160
96331
895522
977183
157907
45765
355330
775491
578784
391106
427054
706405
864019
63188
842026
365919
654406
605947
324409
927644
931910
483867
923634
595497
44490
764218
486314
527733
596249
759518
976466
303872
739816
493191
853854
391742
440889
858153
378496
708115
876194
248653
695365
938070
883093
881371
74369
257839
316985
165079
343605
828375
151375
603883
366222
19988
425590
168888
264401
221272
251299
247658
923081
518455
86064
133170
381012
603976
728190
656122
803042
653444
554178
133135
510795
683346
233251
663461
836509
658529
913178
310356
519448
621186
620706
299825
162129
80453
559365
239687
989947
723018
884642
779870
326823
568496
729053
408826
211292
872454
89328
748218
425745
696418
231331
766022
208400
997767
763149
199898
916926
229878
693728
989833
461088
519862
147650
652768
98611
673201
728834
461474
286471
659312
3003
657486
882518
902248
436092
555629
224204
804688
795658
724307
581328
542874
356491
82955
559698
498576
946463
689575
764615
520169
144378
445501
586857
246304
846893
391563
12999
533177
291397
149346
689268
26186
848848
295715
711353
246686
454409
854222
288320
551649
471469
643834
739161
757252
516641
1951
662398
764585
587542
182774
72563
895137
739990
994988
740543
603012
985635
956628
716451
32562
941293
817703
28983
602672
994462
901081
956372
305512
362051
504252
714659
784114
406729
444615
926984
216712
880116
574090
596853
598154
456741
285854
60816
650600
344843
423632
91491
708098
4123
371668
484252
11920
244285
220814
529153
184745
9306
89722
90386
133439
471222
613983
857686
325288
25919
319305
15466
784820
433990
340072
775522
441482
401514
940295
127948
703320
261105
419892
141252
213894
626231
950162
224808
42081
41747
2077
712170
410898
359130
246406
962695
50358
42242
879412
683626
269261
796393
55311
917442
26691
27874
411428
775018
680643
190975
652686
92238
811482
177526
981676
386544
574961
86239
281928
894048
348563
323250
727948
197720
318323
172767
483503
501576
972378
348271
964370
159211
652713
335219
564786
787566
374559
441820
103010
735514
334295
218777
733367
638133
414504
756742
249372
703905
724617
461537
793715
48859
474850
202712
87824
277006
755370
679410
535497
984893
504539
897557
705793
927667
672277
661553
856260
543187
117388
441347
664241
339427
643883
868737
578133
236802
832800
511259
854641
961869
990571
495872
511242
128079
337269
209308
95935
395793
468619
951036
310023
918734
379619
378617
214633
95732
880839
71952
672394
378108
114779
830106
107234
575680
844859
29817
207680
23710
531993
473252
230696
708188
579411
548128
696590
484554
819333
10712
405986
723539
90705
514914
998608
654203
575545
977987
687088
447615
39118
827762
925272
473621
801216
482365
69983
486389
1710
920664
508419
910041
674078
715347
193828
250493
271362
84990
747539
916300
94369
636744
955383
778951
370027
441706
17979
940957
671224
942464
178529
258913
310072
663842
101442
182802
92221
416665
824819
486682
719186
411260
101162
441829
687489
442792
565773
807483
268551
577262
802356
589579
712152
186042
566896
245527
348589
285621
170600
207750
842156
458216
669265
450381
882933
882616
690796
729310
592967
146272
23246
749521
862889
337414
452172
701867
518591
687893
315504
272262
473890
484151
741445
499988
331481
655486
163727
503261
621072
878873
83673
240702
620708
490962
828155
48693
42669
972521
648623
257798
781110
984721
995578
21627
923956
820114
891061
292392
838811
62257
665245
621950
571360
222359
928819
154250
333767
616961
681433
161076
968875
443833
495249
31708
693863
389194
323260
251544
291450
918962
993499
939527
730333
522439
857379
349811
444507
64357
968390
915539
465961
151040
843770
755455
154142
130167
578385
232524
71845
76421
430031
862088
10535
880971
465447
473271
807268
456404
918117
804160
794471
336930
508348
810712
459362
640950
905495
841482
41065
386219
943020
192972
940214
896980
465594
526182
781729
214822
170966
555085
949596
294795
619954
624893
712425
590962
788939
663761
434837
14220
904555
172242
90465
351442
429488
588299
979301
779800
622572
156065
569130
665765
566251
746440
897827
666249
510895
30311
960370
392335
787057
372023
167964
122818
948607
800300
268932
773648
491332
592748
483721
693172
363091
729841
160207
812222
650594
303659
778828
793592
498981
28246
840700
56986
200863
981013
710399
621448
254876
755145
36689
263480
664457
953087
986189
747168
252747
143116
263872
803748
496570
19168
205659
965626
364643
34903
652714
210758
542122
976170
161995
117629
235140
52800
414726
501010
924404
403390
15168
95155
886641
256217
195029
993802
359904
155413
938454
655423
362495
25204
919390
220804
557912
10452
294916
372007
675778
806884
181371
287561
802060
549180
295323
329821
502634
749717
745166
373877
416886
244350
310946
588360
834820
835085
852046
459298
441811
792053
303605
548166
314658
619140
273907
84608
340605
793172
497334
500075
135330
307843
346799
365663
141550
612950
704329
165169
915451
454129
892859
639662
821343
579457
960502
409529
353146
429213
458994
672290
474683
965090
955217
410723
86505
7349
84182
116429
333311
262880
570446
590439
513153
512765
81324
755262
397131
786292
353289
326967
748517
201166
643063
151722
355401
765490
109746
681940
293783
704626
426252
391644
816457
561749
765902
771731
348796
795147
232385
302252
508030
967283
977568
27763
294080
432557
197532
403050
394167
764022
487120
901321
472138
809096
832429
935053
986399
845569
734765
851031
271989
584404
610484
885448
961627
640175
229655
513458
432370
240776
321518
828507
743965
165111
353212
63797
929671
257520
266374
915317
158399
97917
162773
237077
507221
562395
94317
241997
664804
381677
324009
654633
671110
111499
610182
637000
981667
594591
972148
616966
10409
350847
116320
75135
696160
98946
563695
226374
873073
469391
582840
134419
476144
882724
89859
621667
579183
68144
352156
857291
570233
679125
299964
492052
593688
421457
940165
439358
653142
607089
869907
584213
55374
508643
96028
290821
724660
174557
662247
841066
409808
34331
511358
504223
574393
352219
50920
395944
227942
338174
823764
280214
170810
453864
394167
120989
910228
342879
112581
736069
246445
125643
564421
645053
748453
492672
915176
202377
748203
467292
420220
877356
231187
737222
54664
304068
123945
727691
610194
255232
213700
365086
87721
730487
909790
203201
901882
770008
475383
586198
188343
847253
848954
73842
514199
792209
204327
602423
2787
758660
767552
962480
901514
484173
5433
536236
872097
807011
134264
197480
675477
158848
708808
80177
756046
506503
903096
958482
210263
607551
11746
808708
22349
889571
303756
141146
714275
780473
631256
264999
34767
644139
816341
96019
866869
280189
801789
47117
480507
277248
785827
895456
64041
601906
706055
16362
33624
647171
42925
855879
840071
666713
192863
937136
694975
972828
831423
545199
115530
193997
574200
199013
505621
328150
770802
860693
91003
537168
496027
242369
241935
95486
310619
155202
828159
780553
902363
146981
887095
156036
974056
122136
883122
47178
400
152506
76287
632643
767685
466622
871772
254019
270928
843583
196387
774289
234257
98793
979975
595392
997156
27332
278081
179905
452118
406295
733426
951730
782509
77430
423354
615405
737991
903064
634600
746584
874614
466299
924159
188793
128060
759786
915285
758125
899210
679254
193150
936824
260058
227318
255390
958360
120100
911392
570027
38643
177947
857743
556773
941864
407084
837014
560735
814245
750045
571647
580038
45197
830893
425218
109998
621958
824315
238725
236634
793570
60366
483815
672621
205747
368412
165304
139543
381746
626423
146119
619432
696532
627485
726046
969519
30670
169519
812228
378544
115689
564599
595053
920197
249014
77113
945510
490389
556590
177712
362269
968434
554223
691135
484190
101329
599762
248321
421099
223042
234299
270552
113621
705626
17308
771896
274469
475510
593680
260003
967681
545868
921834
294845
873837
190160
578403
985182
662487
970490
583854
287409
366066
212328
498875
242104
291619
635697
625284
124055
346025
534443
213378
484156
185210
260733
217411
58491
799858
967440
120564
98074
524735
537851
954331
582429
562572
659383
795765
864831
151287
371208
425551
731129
736089
572407
113102
642264
918563
929922
474560
359212
809819
389538
670390
182050
837766
839419
427539
708255
524146
205847
267552
275739
796545
458127
296163
801536
863990
542410
19947
473239
13426
786655
874411
45015
662817
504223
198127
977083
749957
1751
748563
616168
207
348656
766899
447998
885245
124778
334971
106159
59439
823273
411610
305848
246575
276663
672378
430562
420657
426131
216930
769654
886427
571985
580785
489180
242513
969429
731575
597683
860371
969088
24553
436937
605094
645845
107226
975652
247525
602678
177053
13916
512289
805041
656204
373310
251430
723497
181653
420951
950200
82066
230176
499377
338467
275504
55387
698920
10527
404118
699479
132556
777155
414160
127531
899566
458385
819554
583678
909606
292197
238542
131377
970749
531316
564153
669056
365621
287410
637266
922163
941013
330493
189760
711842
51494
784937
911108
583927
321802
460264
909570
583550
968208
361845
444236
525706
679220
1494
464946
460020
299635
499720
962920
153897
851042
714965
105733
122879
545660
982719
105570
452061
999207
859547
171291
262514
820400
838512
11450
283053
936874
387233
501949
332472
799857
939366
214445
203625
172182
339629
408089
132329
249974
221261
509647
458784
243702
134593
185629
384133
173111
361633
541579
25970
951927
800642
60966
418229
111116
378425
540151
335876
688526
689025
357081
688248
959873
859278
264109
566003
767911
555345
293310
789558
676383
641979
799247
722090
824045
743735
66092
592330
846696
827917
291849
455618
515643
987960
131861
156897
424329
776963
821769
358379
323675
831211
615275
711657
771697
540782
779644
827897
355089
497045
782579
146723
553153
334363
674920
684699
779505
183768
422632
317520
890971
597375
434713
291989
523502
519260
134987
804402
353579
438094
75417
580092
178091
539879
598286
858085
698065
675788
205112
236161
845847
438354
753597
767497
688072
641515
340333
7106
464762
549381
481209
679781
10850
882469
907554
306625
15810
544163
284989
686945
436683
217892
228542
253889
705519
934418
208189
13801
15701
616853
213231
542673
566024
722955
206396
965929
19115
81270
478194
776095
65000
223213
496443
814637
632887
680074
777232
931349
383474
622591
675380
169841
224584
984622
699987
676570
199403
228332
133438
403581
305832
402703
520277
657952
920392
960666
833697
930182
386655
795352
926855
891912
948290
204262
905717
722921
504443
568157
115025
712181
737863
872223
692854
27307
309037
120141
399338
5140
412184
380552
857439
979243
434777
981345
11998
559495
687
617964
107511
20163
877100
272381
64120
472454
4775
683450
314131
69215
97546
419746
998881
923749
643048
595025
651997
609966
954878
918342
553238
843567
237381
172903
628813
423371
980802
139410
444325
702328
645231
416618
947848
389302
400795
949240
836675
85553
240071
32070
473250
159574
189397
21326
413080
480882
409548
406392
82069
621219
648964
124068
719590
914370
270334
109060
693745
260641
181936
807240
920738
836867
634010
316245
343031
676725
628465
558121
864192
265894
278638
357293
293061
910664
767203
171779
532121
913595
328392
952665
389727
392871
294353
275723
627290
550313
427921
14969
841418
741524
278239
548818
663092
647733
63711
179963
273859
174361
875906
946796
874266
169422
482223
606180
298403
10298
838364
245801
614212
874363
834840
498352
874280
583849
894057
838957
416003
922134
446767
247224
91128
437380
396170
623815
671521
439958
411429
233051
995831
42167
809873
904673
126122
819222
186653
584746
50853
251521
322983
147380
749839
232729
553339
871353
297008
444366
714394
772572
636242
537463
522146
634049
292743
758968
253505
866096
432465
641216
274723
244734
577111
263856
853
181758
111192
280910
452959
586642
315451
201413
556607
181741
455826
673185
280732
350985
976029
9065
339568
259599
51405
373767
790721
784444
369045
389534
261935
787191
1869
452002
202143
25509
789816
494897
399326
713702
929829
769732
361194
862260
368265
619821
384694
670065
830238
536642
371534
723830
691523
604224
386476
339464
936149
262430
33722
70365
9602
224236
145997
664256
318432
395778
155936
758324
430558
810599
861981
508881
101499
438684
437245
723318
847246
832569
308094
46141
901498
42268
614167
211086
835761
683508
612945
424111
113230
334340
517659
960491
97853
601782
423365
119758
751088
386371
147427
697757
163057
212445
70932
184922
625269
162071
935086
260548
373823
388163
841564
994899
687865
685681
324484
597215
514093
321639
78471
402477
302091
942150
193813
329932
394145
232646
974784
317903
867228
349011
210697
484784
504814
477727
767421
548011
12729
552019
323294
467921
129625
544421
738457
428428
76355
840418
872417
901042
127433
863667
884202
778424
675812
130469
975276
993304
374469
876343
639213
154469
195678
299232
960718
782575
211171
207154
504712
559663
274682
900440
513175
830781
667604
815554
277202
71790
490974
943497
489392
5651
948853
511308
405187
462634
261775
211048
761868
898004
596807
431176
374721
184502
511605
410760
204982
932834
382770
521271
41108
743663
487478
747664
325952
895365
419832
470096
683172
78738
20792
281057
904926
432118
689683
582595
103436
773573
729225
726101
664824
306502
821090
833025
835427
506805
883596
308123
951861
370696
885127
503887
70694
673712
203729
824698
322901
240890
220215
121037
368026
174007
463065
574590
52383
209580
386640
801901
220404
427476
533461
782684
625074
199040
167177
620124
251450
547165
102420
104011
670922
505444
271768
837831
369901
702829
89037
493563
274509
512067
438976
509420
587701
407966
34497
222922
139587
169606
83538
174009
365686
95948
975970
774054
61747
551036
730081
764270
855266
908884
996617
972624
285724
44221
288460
862623
469851
5059
729730
526003
405176
684335
81804
764382
445772
323107
695996
173207
909313
505983
189195
318142
760169
927356
656971
433628
567729
747519
978113
644695
817593
792692
198424
341267
907500
252289
378746
314516
752625
971085
189162
278821
21590
596201
831454
982091
872677
410602
497174
472344
672993
692781
773591
4324
883736
126512
138396
15080
961866
663583
763093
353013
981047
190300
387955
75522
452726
867034
162938
156848
480067
323095
223831
58072
884
553137
124801
345416
224700
708756
776199
635654
250994
518570
85638
884762
586276
273883
212471
398047
487732
514338
180687
3392
500122
451945
858021
155515
284920
756293
447106
449340
653171
897885
685841
470590
121953
676133
340508
390922
141242
359753
129959
913140
413813
813412
299392
530581
245298
923089
185535
586874
268363
851220
790293
441308
463730
968223
60020
465831
840521
835658
582739
550265
193377
293723
963968
913894
457103
332165
280987
577455
938046
488579
785225
625698
835390
884583
444520
765965
319064
858446
355047
19910
107524
697410
492514
121894
273047
355141
129383
829821
574541
57981
101171
740515
205031
967348
315777
599591
132791
677162
565115
60290
812611
983873
616457
414442
668662
319540
273251
956589
750535
508594
80199
476747
181453
285931
210658
25439
266680
342445
190994
260968
636285
581361
978760
972027
579475
781427
875770
873723
20286
673391
816890
822219
232197
31176
604583
79295
609880
776797
141969
758017
86655
463081
267498
998165
580278
539787
533415
960614
216034
518733
441701
196137
547811
586758
338027
399632
311289
151654
297504
482959
896135
459574
639696
327672
356765
997379
959103
987739
905738
35985
59761
469685
762391
899632
938877
204929
801812
180264
259910
380167
397243
615350
242833
853439
877079
665639
991059
407661
293568
47778
554066
123674
389841
106407
105074
280835
920076
214507
552180
782905
276802
928735
998948
505523
225494
608836
212019
771502
424739
925748
759648
627802
533660
987040
457136
649799
449880
764451
816356
803369
427088
159208
199872
785570
734188
933637
25694
246916
323788
655112
866975
135886
334973
646524
462693
79692
463349
10995
166581
761921
637673
853489
753100
254629
363823
341805
116094
62435
742785
764975
458312
832366
926887
975877
53974
396467
350473
814074
398590
249404
458500
545992
22607
271728
291059
334127
661159
144926
376203
611341
932132
428618
41640
484733
623870
489850
913939
759130
544847
678954
995220
319320
911032
950821
883503
738250
235256
514391
564967
907177
842755
212407
436358
952791
951887
783442
739201
131642
733426
292838
126474
56250
573988
368994
772437
933297
700658
442554
628834
985618
977391
932925
317092
62329
719181
249882
846050
615116
974373
193320
62286
714120
324006
571320
235930
922850
296681
665689
697382
857993
441114
601713
878977
343988
561590
460739
599018
135811
787616
967986
574785
305854
198377
260927
531947
638266
138621
168439
645576
834921
377958
127805
473618
425456
614988
21498
585737
915233
774535
515521
702260
948417
345782
319711
642740
297721
764565
751867
55039
567631
791299
308000
947424
552643
691837
120509
247339
323147
514585
228285
636254
975536
5705
102617
332401
414439
30832
223652
959551
183511
638799
184242
201431
437727
508282
588324
179541
691766
945452
222446
480070
988262
487393
149104
128065
673777
833760
813763
774474
596073
670268
840324
23748
13561
301276
640804
39265
120024
719654
947616
897299
59334
60468
662475
493479
659912
361715
928894
211410
531986
977173
307919
260346
962348
700869
879143
741588
754057
843359
722898
221792
211891
793564
225153
274973
869631
932390
672771
129962
303491
711830
60501
594084
840276
994745
371304
7486
473205
419363
997829
461726
924301
67854
177412
370437
254411
360521
559523
184983
584227
364125
77788
648398
517983
939178
133213
337179
476356
299708
261394
991072
517718
620178
645632
353964
778634
787859
966757
608898
110462
794804
509256
855636
214390
655033
567575
100584
825377
836925
959751
121771
430669
373656
719624
183014
26189
130259
824890
307117
932002
631403
322108
979007
222363
181946
140752
184558
949135
45310
646473
73740
807612
105061
243905
414375
994203
341632
740082
33271
734813
398451
193631
216471
324690
294087
412903
961844
660942
349822
306447
868592
837872
260886
142745
808442
212238
969750
66026
630127
191957
731601
979665
25934
762878
947682
748709
809683
876817
719816
170093
228325
609002
343930
679210
596540
248505
275280
351159
60616
170595
336998
911173
81325
883499
786174
374001
264721
206944
148498
287472
290540
683463
831581
251173
518870
562873
698027
755942
559309
99588
972758
130106
459013
670988
439617
423136
375219
230015
724684
978543
416562
235094
672266
448641
355728
201357
162377
88815
199127
317220
913113
325277
16045
893895
244647
292112
25073
820600
488731
859145
115233
641179
326966
186939
96335
30964
159972
375564
912755
845855
639979
141210
379954
56804
524961
222947
371016
915259
474904
909051
17449
586644
306566
463686
873746
862292
345112
67775
61992
105168
456477
871128
445429
973761
907511
971373
834758
354022
886144
322110
40642
760593
177000
745730
839543
189664
141853
81707
264685
906734
69159
117031
199959
522679
600282
50939
917019
223721
252337
310519
990330
715704
26167
101110
121136
147870
139526
169417
869009
742311
611865
581913
232606
31492
833947
101420
51018
156797
796788
413112
847396
86539
941879
249732
40100
526307
238609
714068
558022
317479
25974
273642
317152
993626
92971
647643
174275
953199
157235
653414
634744
464732
671312
886276
925443
244596
467433
56040
702972
925889
943730
774605
820693
88755
631118
175821
602858
722710
64862
626930
59597
763930
392288
6315
681290
733604
420265
670757
992009
869119
320541
346007
331157
277161
126014
211586
691138
142746
482929
878565
429219
19046
506544
82365
579981
189764
466175
660103
542041
969544
257211
239981
133249
114665
392839
710572
250640
837209
413048
916415
772943
506294
687493
546824
822342
343425
154152
292753
611787
261912
787387
797963
339908
46433
654903
653166
248495
107593
294916
423936
493235
874641
23763
301431
301804
878313
653930
525146
895865
420040
205446
911678
68251
113324
42287
930061
626963
465724
957227
990276
907008
282601
829109
426617
451274
568001
386224
180985
691380
166616
921509
808838
462753
909136
266261
226110
264659
697313
12579
774436
279168
322134
982094
548542
203322
160261
323431
438759
123194
841084
91703
41224
973287
948790
759072
270925
614218
978470
987756
765971
854209
210907
623802
541115
254214
173211
866078
783896
738126
381010
206436
720475
758934
406365
229528
16522
166873
781920
674222
113569
961215
113785
611140
2984
978598
374067
548014
646953
287675
875673
525924
349751
948945
631503
789085
783963
217657
91567
788676
493070
258512
96375
519068
380985
961297
999493
285872
31987
111085
73840
648803
170964
500233
620670
54858
17974
490654
514379
317249
761406
549587
867625
473950
49180
139584
55997
141502
28677
479527
307375
13211
464084
424221
115410
524875
676247
198246
346851
905597
976293
49098
889939
432620
361288
249025
241778
972455
551243
258502
525099
935167
808445
749484
277227
900404
598607
968963
764417
160302
412260
710126
356080
758855
683442
3760
20212
968914
71268
989521
829045
762312
925595
954078
196574
263057
933325
156114
924278
926654
562690
514752
712910
747968
253854
825529
244247
859627
310886
364597
633033
696196
159820
275663
93247
13285
503658
342525
504535
741827
269587
204286
290715
244384
591701
524010
319486
972025
614374
803029
962513
336307
994742
611492
807114
142034
31424
959781
119560
643541
761988
642307
616268
555097
599703
51710
647794
211636
752563
34923
122159
879747
55377
578550
787207
110663
903664
486035
692780
866095
743861
780263
765952
285281
37245
979519
945369
17658
482055
116718
52690
82470
787123
492096
49122
237176
914721
553013
973011
401605
436925
494014
49595
92986
685770
278300
256634
379355
76607
622742
176650
389724
754810
843710
55410
728667
855569
766453
391209
535741
286669
663227
899618
956215
16846
716616
698478
942132
798482
132271
407529
655099
617176
760919
966966
794580
749086
90388
700839
662130
615641
124395
25352
974140
804744
313385
58370
964206
272817
781132
438600
461191
440214
962302
326973
192218
200625
524259
585369
668541
16770
475076
95718
776807
53434
897005
91712
505309
700067
527284
109528
248495
123196
394370
662000
898535
615409
36759
745534
754065
917114
800102
86745
259487
689022
69024
835892
961914
563354
49994
440039
341732
32732
559300
511418
718282
316949
590849
225960
993407
927351
371508
493170
341437
328294
555297
660316
901470
22986
442481
331564
692002
190478
138742
205063
215303
641220
650527
34053
690205
426549
666477
304876
228618
248327
803231
5290
513784
318066
541440
665965
195372
146906
852751
117833
140205
600842
600485
537864
907534
825495
521567
773185
319151
349232
267935
879478
624395
401460
245928
234991
982974
243691
339673
351715
523738
898362
753255
354881
363062
112761
407052
690286
172527
349355
262574
304002
75931
98887
303100
355267
725686
207939
727494
195199
543108
882409
391943
81569
797369
618174
660912
90375
218243
354504
886518
553334
592349
415407
354989
579421
575825
501376
50900
248269
234383
184224
750353
774181
205692
939228
657655
66762
306941
793202
256609
133358
47826
577465
974785
13053
563725
520935
308008
375821
820256
492666
386687
590954
634416
267148
104824
255781
998242
235765
150881
905076
139952
330261
836224
700488
649273
479027
916477
738938
586380
503074
624288
861161
214117
595004
705087
882236
720433
358696
808233
736031
425806
367253
325005
758575
689946
76994
584285
819379
988791
420246
94223
519436
229430
509997
689826
409786
955234
183089
452363
446981
152216
702691
723638
171281
564159
805214
276052
77080
640880
843815
196157
456501
133797
284998
17683
882057
172192
589507
427584
461480
280266
17039
489507
950412
68184
797566
984179
159045
491345
930843
195163
624586
585675
875439
343711
395132
938031
780740
761963
158420
707486
887522
27924
929929
654290
300028
200558
145840
867753
124558
263856
706773
563682
52020
486346
343112
238011
598695
691618
738851
663769
960674
710164
747641
749653
441800
512698
104362
160168
988396
915379
909802
115941
613633
637517
879600
10655
481303
92501
942891
627576
672224
375817
2480
586111
330846
783230
11340
126149
567387
1106
621187
875162
151567
735523
730900
582864
892958
65065
963058
924842
771721
745201
938669
772335
561366
90637
202911
229198
842020
586775
495355
106370
282057
60412
668855
181930
714580
904385
706280
123772
310593
648865
101466
707242
709709
53304
221132
910065
975810
407797
421544
588571
901022
913044
252285
133516
589837
896185
350089
201598
258559
903207
479145
887837
48360
108138
981251
332152
606705
490604
81669
662608
323655
951872
392127
86773
290599
174716
99399
521266
384472
755427
108685
266979
8807
968974
547463
415030
73599
929634
301231
770754
620331
977570
764316
535905
883007
782504
773528
25573
686155
45516
594911
317349
557967
65967
79101
28003
581097
65651
860908
91200
404260
969798
400833
819764
572876
9310
130738
12956
908242
219505
936176
17242
902724
880360
502035
247027
912772
759276
513410
586854
768088
514360
395813
103495
76844
670915
652339
157044
630029
413176
875483
588426
265008
58474
202147
997221
262720
921714
818466
331709
194242
990814
790984
713950
993234
588384
768415
408982
715748
629161
431191
483213
694028
536463
359264
202007
966633
579807
512242
420016
945666
245486
950200
74424
484776
188385
516223
746062
385551
310405
957494
637691
898287
90110
879216
762343
650297
317091
87793
598567
378572
163044
138251
323052
678042
888982
645903
625144
881625
767158
416523
78392
163559
488093
197421
241810
247976
99671
813349
991425
877964
441912
780831
593840
889065
769035
141185
257958
917185
713492
197406
662848
270747
202632
26447
565282
574593
829706
920144
803371
695000
534617
718054
575424
617788
950142
838444
744427
934708
777604
698455
654260
314597
380032
506905
109674
770350
673597
375772
118792
189604
599006
480961
549468
283425
128675
891293
287003
227073
298387
54030
780760
522163
758323
919174
649348
144232
422323
451104
367422
583320
342133
656958
298193
526544
889050
470145
110369
460171
213278
913195
389534
33087
847823
976004
311214
175896
82888
694584
61103
976624
105993
653380
543262
464821
90305
570955
766402
458342
569120
111134
341067
366423
906357
699370
593263
609658
19314
582783
4734
195247
901510
172052
574121
13265
505082
918417
442654
114858
913005
344295
135338
414003
358012
435686
452757
546152
47934
761316
626900
796725
881207
269897
181047
458933
767515
348273
755742
492921
841280
746147
209277
444872
118255
432932
463359
72063
746084
22282
865835
931366
328530
410140
169857
329081
347964
832839
408863
127492
402725
940898
698259
1773
600959
101351
205153
897236
833443
554270
168044
304008
527437
328191
502206
273045
73487
705246
889595
951024
902252
326145
422984
741861
740797
84883
844237
47264
764306
599361
939217
847755
672851
27886
697334
802918
858802
900011
289548
82584
963055
847619
624341
621102
677907
734022
155821
960952
580438
904300
597861
737878
243406
596766
719760
523052
694621
435826
128572
394698
805283
842192
444309
76697
979265
471800
498938
81707
744186
626808
714756
96603
752993
5804
475350
736159
365212
794701
100580
859803
349427
762650
959471
211411
842445
373179
434830
537658
701938
825321
71048
843385
805633
742315
404163
786214
458483
853852
171375
842044
506782
62700
261921
699549
582692
115701
392035
906188
505205
458598
411270
405407
401894
396383
71429
974657
540202
950132
330198
522528
362089
254830
908419
92401
26407
585185
142999
1362
627819
940893
788787
518403
510583
161120
136828
481876
38654
64585
364655
292292
545358
786241
268181
201573
285657
930170
344326
720141
253916
799018
729859
401333
767816
449238
440792
778816
530472
108783
662314
829541
71632
955018
368758
254667
593300
371401
38590
529110
481246
182911
438187
577616
411916
624748
817961
146998
855391
993612
339947
912610
913825
820522
249053
730592
563268
221799
691852
824348
777312
182662
986191
389780
241682
781826
344038
922450
276740
455246
202736
159981
418748
915485
601731
580166
248843
663793
187337
935884
406717
157681
513956
793398
531992
794066
192484
843431
799726
229814
432845
36641
962858
448542
292736
826875
520128
815037
845206
522473
845181
451268
41159
842525
199044
722924
162229
959992
787710
63140
766260
386156
938392
865119
476680
225565
80439
782222
809479
544650
735375
27402
782591
245972
15295
785430
240134
146824
924756
982078
129055
827644
420916
667493
619585
826531
26480
702380
99864
771619
355804
201636
4152
607446
890958
276825
512188
799150
241235
551337
229462
50840
50140
95151
5087
189462
788577
627165
815142
479218
374436
874950
55158
929503
625993
129521
352488
904743
47781
434868
646774
325097
620466
994473
788479
448017
670218
728028
642568
507425
271561
410148
964577
391393
619532
722053
167463
63490
121876
859765
256586
294492
918164
340855
171938
875165
946073
221886
668655
86406
402807
835983
419644
953988
905986
115129
282895
169863
648300
83788
35508
706460
270327
779311
618919
84384
529143
789900
935410
690913
478233
901858
88926
683758
227300
283228
844920
994487
200641
91792
964009
603590
663000
776974
180868
464822
641737
861784
430549
270073
415163
457581
437956
429389
604928
375761
743326
324131
474956
371416
435258
402530
851691
685757
841228
620162
551980
640495
29308
483863
645834
886323
62575
378150
282990
861040
351258
865042
525153
416888
979139
844761
687448
333924
752709
756283
362947
817593
510124
988536
182731
733763
429410
615595
36339
219920
143414
260429
453974
397420
545420
830589
763444
169476
782489
496457
842544
447607
308750
920313
42771
783949
13671
559934
398707
441807
190730
72122
112794
493298
313952
397421
905143
528673
214213
315520
612438
426558
233339
336720
962459
33002
922382
840983
61904
450198
315683
4805
891962
666194
662704
906627
873142
157042
199548
897729
13573
319961
961137
77305
542678
214485
873668
349816
236670
806205
892257
180426
314968
847537
20876
101461
218044
673739
76773
124185
545849
163146
984811
877445
510210
252632
315332
266176
709951
171827
766499
58381
219512
523274
755789
243469
992330
435519
267937
314420
459113
12046
659321
629745
721141
884439
539414
938013
421907
832168
370034
638350
595856
703642
974063
197240
915764
531006
448751
11362
853812
689333
749191
636781
605030
720942
301035
41523
267222
260234
722483
859648
154659
243111
534737
205014
788124
834693
981653
589189
273288
837703
425931
694308
942662
314746
408856
160786
341017
701996
180011
641987
692286
580543
188007
245940
562729
332884
108620
813416
989342
322291
870811
359797
722276
889259
407452
750948
298793
606749
620594
392165
777337
484317
804705
360230
599105
318379
763283
735629
641961
516008
329308
76323
218745
827193
86731
758474
983295
178757
778375
397994
500127
866519
791295
37496
673038
77121
495442
296749
407782
452840
490242
234963
872535
437336
472210
216468
580970
959600
727226
969740
353632
559647
464360
675573
746234
246946
65739
125492
992700
905354
180398
762915
519987
77778
710026
976753
153877
459590
699401
984449
391325
288685
773557
400875
959145
957621
284218
472607
528102
731701
900377
158121
814366
139751
782111
334468
852285
652872
142798
234510
821041
647481
740509
98324
761344
951626
14123
865175
879710
908424
340586
224878
547352
855834
281380
687205
602638
568041
977985
527147
548784
586127
788889
261503
160669
478350
890338
930222
163726
282007
101986
177034
646870
96990
663157
158501
232456
157237
789809
941349
820829
154881
734770
920279
565380
536958
897680
6017
88971
747327
667622
490363
474987
2201
983019
196145
852055
94029
646034
694291
578046
753998
779491
694455
309868
838095
998825
905343
905592
268501
874191
418671
15378
722611
717435
332755
98573
188694
889726
931319
844339
390654
907385
608129
440246
34536
803592
381739
101887
861961
958379
522947
599946
465140
749794
236331
126521
630785
51700
162228
628001
489268
88103
324736
717144
44215
485197
26312
39057
717707
313143
343593
650857
367766
897489
175364
14975
722082
423816
416081
188110
742462
742250
390688
608931
126808
833921
380702
130438
936312
590337
332049
766587
314835
496274
19192
457399
289977
806060
602400
506870
806801
59510
331555
134149
114718
683620
583143
178071
884817
47429
184454
357069
932372
353409
650310
685378
502253
507127
247412
478350
483919
389616
950917
699733
823599
223752
266986
437158
229942
693487
810443
655954
439399
815747
866117
856660
677323
989487
792757
37984
683075
228027
380703
188885
116112
677908
341506
546387
691457
171273
937919
510479
372097
109826
253748
477706
374555
900440
907668
164674
802401
969148
229340
305501
943452
955251
572075
650182
952420
830154
717348
860289
458265
722056
370571
63114
89681
141102
321179
141615
869632
64955
985695
785294
274901
507659
370699
3202
935517
253379
471483
881572
736993
857757
118279
393301
764034
333041
99696
940660
876736
843762
993550
402502
370688
389474
396108
453276
220482
71530
443632
114006
580235
282169
487509
429592
201350
495181
890706
936619
967650
337843
757177
269047
828492
453518
309938
576151
644267
264417
513851
321243
941355
318088
107785
831915
162465
603964
640197
209510
671199
207432
409694
733379
192989
471328
99474
326200
913201
392935
839113
340694
414718
167348
428085
851593
421259
750091
304927
99544
824771
864762
233908
427661
99506
601378
76647
582142
203427
726232
827575
395264
621236
997913
967727
719612
197621
34666
960336
664154
842890
6455
561711
602734
166091
435708
299980
241754
315196
782777
122532
551143
516445
592682
387686
164018
639440
883965
106935
382388
3252
553733
26581
821024
304736
285923
534478
246624
350172
53558
45910
852929
418473
234279
626300
889091
461579
13140
230119
439832
257139
586106
480218
202960
493339
47634
264141
705442
533112
962995
701579
294287
165140
506775
195650
684199
153999
150028
29142
706193
57365
566364
511048
895682
40642
374273
806911
559014
597209
266372
478472
35041
507630
329145
692331
171194
810801
397693
402283
474509
530930
795177
220390
64510
307793
29707
152749
327203
458323
750908
43535
936179
16245
473118
718046
684959
67676
955019
816137
142596
810906
840738
727973
975511
976690
65377
530528
977333
375414
264895
815646
938652
645913
790049
373628
990691
554189
727921
284243
962322
940253
435692
26372
499559
519376
555273
720316
217985
535986
724492
365931
597082
778903
865031
160262
463521
176001
163493
116700
864066
773963
12084
435791
117277
243000
398454
778085
873400
422110
242081
262005
443700
920355
587294
607025
356627
585543
138260
66108
857775
983335
545195
938540
751461
15728
516596
641353
501898
965491
322034
197396
34043
823426
685569
975828
506742
676450
479360
752902
165556
719264
371973
652855
689234
888774
472275
45345
811909
159123
899294
854816
749466
806934
18354
464315
895301
540509
680063
583003
816567
380701
369701
327640
913011
736450
340962
385957
466987
933615
766927
167679
890868
69075
478254
808239
742139
957604
979092
375105
663207
297674
968481
393786
503475
202310
79589
212662
106445
786068
703345
651479
154732
790150
324568
911012
395493
358602
423183
254872
621511
217536
77290
838493
369152
58979
751930
786751
610523
450727
996520
157279
450829
832814
941770
728071
993426
787742
516767
750184
175761
72616
871065
340587
660624
536002
881953
983188
548296
857893
117986
713077
920369
213846
719946
477056
775424
652250
65526
543475
625001
33455
131416
669210
852983
578738
750505
198029
889851
16947
961978
269728
971055
988796
572534
726445
410594
419140
234728
313114
194935
551896
304498
278029
409826
868399
486346
91350
401249
227443
664701
737010
892277
36726
44356
181607
270957
548362
902422
24301
416896
297489
9132
362649
164111
972678
838592
390951
526136
982809
253343
929336
595370
619202
46361
724265
95815
473468
45430
768985
140776
472236
5063
668810
393840
692628
602942
706480
392492
235733
617499
820245
691089
670285
897036
852106
186313
814413
931077
960047
960672
806645
504118
698775
743279
599984
864618
806527
342290
107713
270184
563576
796251
936331
572311
694543
26982
177849
974202
577606
516509
67004
956660
93783
466627
81874
687401
956375
811784
657996
6298
215604
115230
354778
613676
950976
841109
818024
471816
90581
803295
501308
134836
22166
687682
318584
791611
469615
496776
462791
654872
156458
939733
676454
117944
882769
918366
972488
208335
379403
206959
618591
978317
689943
330850
758291
573405
711053
481237
958416
187852
156020
407968
229422
871464
888849
300456
925576
445135
39201
686470
933596
901624
152457
541904
154169
959684
123493
883354
857074
31561
587676
861874
519503
308494
701294
115806
340450
152184
959126
570700
548834
720312
665978
257017
168089
644618
733513
450042
520500
983398
990128
595430
140626
767522
775922
765936
251533
819727
546256
180128
36098
840749
562466
479366
490373
406343
723326
717637
88863
27777
835046
856158
976265
261053
199312
495096
436023
853783
101205
199134
816644
776548
8722
571184
816737
830728
442516
787698
336287
537424
866262
236518
972057
101326
881459
31680
332030
93286
263703
1261
884771
195046
258562
90786
157530
120167
306438
96329
706598
918397
911238
439018
232056
379242
507354
842120
358930
924923
559251
849301
658986
169844
473448
984715
380613
661574
390026
466736
940670
700138
868050
69468
859225
87040
610502
255543
213350
203245
295284
11939
377408
371938
339082
720771
86729
534751
797775
858480
592562
822290
842265
36565
34001
353639
478664
612918
4519
460268
343008
959455
310924
315953
955339
241044
45089
963733
358144
425156
178811
707567
415636
870634
534704
3520
90396
289718
510658
513515
667324
510024
697278
376119
956669
394294
7176
450880
753939
142696
822020
92712
347799
282538
734876
303802
981082
532206
214068
391704
368701
529752
169919
894209
385376
703183
438246
580565
553270
887934
781286
759010
965642
278994
261616
459475
899822
75967
456662
925634
858728
275062
190342
596292
511125
855343
546522
536050
399390
546684
697356
348135
258410
750441
814989
477446
416339
708232
174179
994534
752810
337258
936779
992417
457731
566480
307177
960020
390923
759390
81915
852425
684785
441306
185099
101305
201260
805546
685849
241136
767202
541939
922384
882822
846071
806607
951981
278329
493934
691315
698976
495963
342335
804353
87471
314519
825471
413665
13687
494152
980226
512225
728349
232566
200860
75227
760530
97401
630593
7064
52279
567647
302724
524496
586245
295463
815969
856937
639206
890601
339929
606673
572303
484369
193144
981845
452719
43836
558068
564294
171257
88775
652910
750141
132054
489741
409579
286893
301030
221683
529929
61776
764953
249015
424902
564599
359556
707097
553044
576843
228898
631967
381433
812605
973066
841534
448543
753575
235262
688686
128757
480403
889808
490094
120623
607592
561182
538959
452013
318310
258273
908595
747903
387045
412794
715767
379588
511059
402816
351432
822855
181888
237874
561650
893563
817881
957036
593755
891132
359112
958612
584463
998615
488225
422443
716155
518363
911762
753232
106850
439495
301321
128947
481162
788874
272831
487334
241915
467916
341303
898695
317648
948272
714540
661529
59777
672103
722858
772575
282205
315528
59812
836405
288049
65891
5485
893828
265290
776064
507221
277872
329489
838526
951819
877033
543081
258134
120026
282582
995324
557265
757901
444933
447395
82930
282527
731146
349517
115434
1353
883415
153291
389807
759117
721988
716341
457409
155216
461487
950380
35311
986990
364453
226639
153703
716222
523051
53542
868434
917127
807142
223795
833065
42466
131673
965958
113011
481210
77068
638466
25006
998381
493119
221446
712850
915039
588872
602059
122902
963588
335047
447241
891668
269438
803030
678661
288673
669240
507324
82275
424437
433506
537150
270521
52886
37575
841122
63778
955723
69744
52535
731490
296420
843579
483514
737105
513227
818458
312388
574011
607245
359987
35375
899240
487557
454782
621250
729312
730585
996477
255107
285156
253678
248293
354920
146380
442870
140941
111833
742311
62564
267511
820951
28371
997488
205244
542160
960035
552627
301343
872419
672638
904035
73984
805652
978626
492851
251104
91751
329350
146013
214619
82573
470062
127755
939334
548489
438436
691250
161958
118907
630410
105525
365643
782575
157185
446256
704466
84304
212978
275215
767114
949169
874946
235051
433526
348495
551615
41574
630407
668294
958414
239499
594794
170375
414085
225204
358368
830260
503723
421930
222158
804569
44275
480495
995221
441381
879513
826938
25333
476048
342209
404930
413157
116391
928422
628830
693020
965613
792297
783502
218885
290809
82902
370742
796889
669071
349577
56896
289454
390389
33925
597946
694964
95627
599816
962466
328632
111495
332975
563353
382751
216845
563141
645248
996888
296444
943304
986063
430825
900946
501212
256137
734684
329485
265091
347991
767517
95395
270013
972116
785346
441027
370149
699678
344762
231303
307983
105457
79005
934280
811060
225299
483425
656724
790124
302895
243411
296487
95931
715801
955629
616825
24605
406304
733186
573137
783062
684086
370067
264267
611110
696827
665303
843910
171542
904596
138882
666725
352878
640712
954559
160138
751449
982434
708916
297380
137703
701504
214789
390385
752170
635188
773516
995671
672297
814068
72176
188409
389065
924731
259258
34477
135031
647256
859934
686950
143914
202179
357131
631860
52178
317880
416061
980503
549639
237255
313237
407301
164330
585775
723287
738546
551731
7545
790726
402020
379103
134707
639833
567330
622481
103481
629899
204572
525093
93597
308278
554256
599287
809871
455619
160541
732568
512520
811034
920777
640457
903433
219415
349624
400301
382633
463539
152603
117441
635693
863546
715080
490140
362364
855511
902426
251719
752944
532035
38712
669399
231904
424787
117133
631248
682179
440264
217253
11155
948922
167388
782488
508519
176608
620092
472347
281202
784005
223657
817396
831117
538317
738027
677463
372290
558225
290647
336255
832577
791397
414963
895454
649360
45438
11956
93179
323969
65554
597686
833675
295721
934155
118540
762490
953973
168734
781915
611286
225787
243808
271809
635607
828119
349253
345514
785545
766911
36529
435021
797902
286154
908175
647709
675036
621160
686864
780110
201745
323661
319510
572260
639842
739850
962035
962666
343444
24960
855801
674288
62091
478713
242826
363087
779483
779750
113562
778423
814278
718583
66264
127654
199498
819487
795122
774160
435885
5005
976075
296691
880107
116258
678778
94505
691451
69003
860984
612197
395243
941733
614233
36510
899377
989166
145324
110520
235623
331452
515753
230383
202784
811648
573769
668814
971084
789320
127369
772177
294499
17420
747381
248881
73873
655310
408742
176406
614040
419758
973881
880558
515077
78434
896245
175752
35380
460074
903300
169038
677732
542693
273330
146801
940055
97886
651546
430578
37714
459503
518483
429323
899470
141937
457584
875784
455062
83425
539653
876231
58299
968735
888161
25763
958406
234910
445101
953906
864491
89057
670629
420455
960413
817488
903301
199255
724666
76767
259178
982177
429382
310950
252015
271055
477898
130808
646200
741112
785253
637715
536939
274544
841488
321824
691606
182959
645338
14330
735110
502166
350063
674821
874360
270197
270716
144178
40032
728431
797221
749198
634249
429743
877490
904310
269954
289702
461305
894778
386882
188093
908100
744283
929385
540590
116957
420114
511962
622294
646365
992716
330216
197225
638606
442071
102794
55994
13364
142892
649194
460832
42770
256932
4532
918360
637129
944565
862075
513667
823912
992184
143628
60565
57712
530640
486790
806567
51134
923790
258120
576238
264684
521326
946540
743096
893411
133463
918155
882422
702363
121648
7597
708596
206764
837835
95153
519348
778085
329204
133321
626024
493463
700994
674953
312500
890156
92223
188165
299476
719972
22125
298793
573973
538546
60220
869568
962069
677230
953849
97681
15924
78340
267063
762300
881836
597096
39478
640065
586730
295899
780644
163751
54129
738036
280356
924056
100381
142759
556832
430906
122326
300775
611702
106809
821382
791247
538703
343908
557102
413184
239752
52292
13114
703767
354052
528739
18595
860850
669023
359230
36469
515157
565517
932994
841765
761585
253358
477890
75603
950562
353408
292354
666363
557360
504894
252961
793311
372196
100740
32876
46412
24800
678302
68838
983097
310781
691006
701753
353766
70047
442207
107026
408604
864783
675881
431260
680898
293073
957808
988917
314068
683464
14426
189940
661356
331251
60529
797000
748264
468609
391693
19565
681367
183975
425562
692923
726196
711264
319925
526880
657879
788109
448193
274616
333759
906164
190599
221591
896750
612367
472159
978274
128728
410855
868349
960248
662353
144216
947406
150857
88164
983071
79358
244047
293893
9694
89326
800246
311929
660377
451977
872265
4540
468337
430821
540555
767074
870103
611437
313395
497201
340343
548291
479414
457333
681479
674525
980168
371679
639907
129847
686992
652493
927322
338401
554391
132523
316271
674572
888033
493636
341432
694362
281194
184485
94283
610776
379378
276860
219651
175073
518318
398579
506385
34682
439157
614570
871705
967688
995563
403370
102270
985235
830953
685439
331700
133663
797672
652910
929363
220
33943
726945
728466
821868
960170
595298
768395
933342
424680
518474
347769
777780
992094
59535
896591
861318
564875
823878
140588
91526
731657
782556
124544
650798
757925
534972
132050
330539
939652
64096
685701
621307
118688
365164
14508
769711
220561
530098
978639
78958
699823
544676
127672
735610
636329
669386
241129
693003
453097
368066
872346
984682
206178
881168
578681
422425
517659
939409
694633
238916
770575
110862
366621
306435
871083
291881
452355
393559
455986
874236
513970
87387
199000
464084
704450
972270
83117
805676
463357
714076
770093
44767
250754
982240
103197
792859
64298
758203
836266
45442
542734
645590
505646
706076
864479
288280
881782
462379
467205
511514
700741
226983
986349
650621
419256
373112
883931
823258
716091
268052
35116
420220
898953
626676
603238
665805
58872
221353
513730
281487
783924
568331
708524
811135
791201
86858
74541
757317
17298
292908
340665
318655
76752
740025
939106
740930
354957
57288
183726
663259
404156
42246
156723
785016
757506
18407
362070
777509
86496
155423
623208
716136
131752
649042
569409
344428
950822
216408
625622
724092
620028
754213
128326
428546
914887
83819
569161
419693
229950
632511
38534
543893
909825
437449
209083
489511
493386
638514
198430
813220
854099
398138
272795
303341
799613
490267
609552
829441
332985
770110
473587
181545
452707
566911
374304
167491
462117
553823
445174
179122
531755
370734
372849
801274
950519
431889
815755
452316
337939
73880
461908
740534
588071
555673
523626
850491
712161
246480
812297
31848
342924
149708
43199
659866
56910
472480
967496
131202
552506
757627
873927
670718
773794
701294
803200
505005
740728
805593
851463
352090
125243
210700
991094
49464
702527
726358
57415
915250
74638
207127
917608
218238
343383
470598
79976
622288
8293
436252
870094
917449
927277
332378
81496
328609
921195
795550
171510
34312
437388
813082
135626
798489
786821
150660
167779
996286
114289
73238
967466
996678
787571
967019
977535
321991
563708
97492
259406
61525
289455
362495
874852
202177
904201
485673
135031
627475
58293
157988
60803
182486
718789
75641
530612
557702
920737
814988
660059
569783
475209
99457
772651
494650
724792
123992
472232
572655
557171
970865
669495
289435
545497
381647
531583
881265
173833
935783
131831
284376
986942
118929
473907
886162
790679
138366
923461
270266
77979
897067
987506
534126
602121
728210
542489
170577
334125
185112
115625
969393
390509
278762
25604
252617
545171
277837
915962
7093
909124
351673
514230
560922
56132
993377
40468
842407
133039
290380
131971
385697
960541
692886
620758
803885
287465
118075
222603
500982
951100
205572
76275
937248
130875
754096
236597
494638
70450
693069
828307
626853
828982
105961
524771
159470
115348
349692
285020
151694
748556
358635
607452
463944
523359
533856
598891
249233
107831
159390
964002
427280
529417
1781
680810
725131
605411
241980
673178
50126
570886
513459
156735
648840
647058
126306
835800
474608
928447
348851
969059
130796
211930
778127
202232
706800
219152
632218
728410
191899
261623
527630
643791
88272
781486
867045
520726
778814
232786
597810
186721
350146
417185
35430
93719
515882
912894
840362
956032
974380
391486
254052
826285
468753
376200
260587
608965
846209
458152
153604
739398
55504
823604
562603
29819
297432
795691
418354
410352
65045
385775
226718
919168
95296
918366
28866
391533
128893
883880
680049
348408
874692
812135
142901
682676
538065
519489
937881
801562
705666
394363
258566
28826
709692
764093
501154
335509
961209
684477
31516
244571
693677
888918
972544
315843
648196
898003
142376
742793
519035
438046
315667
301212
297987
231992
300560
586393
74662
765421
962357
399805
858832
490030
888225
141976
922194
968593
816038
501707
687869
353503
590762
555058
130948
646447
922365
433485
433033
763789
996491
989517
360762
191559
585755
265849
51189
659422
78183
608895
217373
38517
699407
19986
307781
869914
845519
73750
768842
192495
760793
767430
518521
310295
189252
886088
623450
34002
150088
195753
874759
638904
109043
626457
886556
455579
671408
184047
774375
293943
883635
126082
765270
825398
508400
506780
606106
789683
375223
537012
871462
389604
558274
546522
804869
462417
532794
146895
31291
662224
865117
901155
140526
951342
77378
988250
775319
441736
658106
870940
486557
25492
284394
325986
885233
25471
406795
264420
89203
100390
628625
638802
472052
381141
673697
63193
400
140884
102809
128378
297484
341578
652542
19299
262271
718331
341690
295359
731650
41670
528346
999852
480464
292137
777976
307394
339047
733474
51454
246334
707561
349167
587119
861464
983526
177359
121234
742603
707054
536309
508079
697490
252005
414218
322159
554222
784789
333306
238314
17814
159657
388923
617814
583691
675109
373067
753508
595862
183703
266625
51170
58216
967342
915087
345582
100899
179806
340106
100189
947307
24586
265608
806354
91832
48166
987621
561956
665598
411597
750477
68698
730815
917821
15378
74014
656148
695022
878524
801639
231875
4278
747884
428436
413535
793922
49794
640602
530373
804493
243529
520806
89317
52631
428638
215301
3370
128813
947483
806451
893087
157224
149377
33393
136919
993934
71526
910302
80950
946040
772128
244787
943788
305715
721502
228031
497710
407308
998749
798006
556016
451279
735408
433411
159370
534201
550217
198548
485108
397269
132267
782736
324943
324181
528760
785055
499810
819534
514942
30796
989894
650220
565586
17732
877508
561793
643966
654320
183131
461615
55939
127474
958566
302472
818412
100529
694557
485553
331489
292027
516592
60313
544825
353805
686139
702601
984012
409140
643103
285574
141700
972169
746307
677234
534586
563560
985455
841841
168185
867317
364936
62087
763896
91564
809961
228004
193013
492852
199624
210767
144940
136161
622651
374573
930062
128870
667899
778107
847022
418253
203671
362706
158484
279459
124033
494928
846267
963133
15876
100955
748525
13089
870892
383485
775038
961521
249817
701895
305974
981813
615929
855219
322251
203247
298417
543290
9830
892406
553361
209995
891467
131948
834617
885607
235806
717854
2010
781924
892090
392851
574094
343885
557334
375708
46204
371821
833098
239331
44002
796663
257976
525270
494267
841023
972746
700019
608186
491456
816261
243280
614599
481036
532553
854913
16137
541654
74076
763442
990734
732995
266115
787218
402892
986481
657172
971380
186721
733315
306120
410294
699499
833126
948188
383577
700291
440700
246908
338913
482483
115062
753704
399126
152565
394319
26371
821869
435962
973407
299837
874436
460837
314708
832494
257038
155957
335503
270340
929763
710266
441441
110270
283462
916643
776821
323748
457283
936850
61187
711326
674652
16952
496924
337614
943978
894436
780940
805669
611840
847004
308257
46335
179151
339755
637450
180027
574049
899735
526771
663729
838150
279600
890196
804688
578792
276778
353767
599286
884028
690958
943639
475684
932767
408744
268521
659804
60765
543263
915941
283075
365590
611386
883126
208209
268820
495882
218404
483149
449128
447436
470380
813556
116713
893809
859091
428939
763995
227093
52230
180035
570347
902586
48670
314567
477419
876539
494910
584934
138612
766098
44259
779854
203897
459528
539175
581048
980572
724178
50244
24393
33641
6788
476074
676502
234209
881892
953869
891602
525504
509493
209916
382536
423742
15515
770364
486048
914805
492045
18573
80325
161475
546848
231652
116030
207338
27518
923124
61832
605037
272535
545719
867650
74476
961491
184047
154857
60986
229344
715683
333359
871904
410034
4203
189547
364787
231137
897339
738769
422887
489036
834124
533188
423509
634417
813402
713929
228020
473095
721894
849015
751574
526725
269125
823572
45937
479984
864666
478460
793780
909678
635914
136241
664227
89104
329906
799122
953557
715469
868608
822363
690580
766715
358139
520101
733274
246631
892161
43105
18302
301642
394227
536995
888427
596126
720620
175912
506496
851940
102155
956573
715379
649024
475198
900901
734332
854806
417111
919189
941262
540475
320392
279772
639831
459919
715486
37599
183900
835451
846976
487545
723720
523610
347318
963381
519638
618694
220292
443430
487446
588961
857196
19962
210883
74650
898804
846009
823968
520142
739435
213969
452493
493229
623246
136706
878491
116625
121136
389985
614005
144717
528975
173619
398767
83557
611611
201606
738246
707345
331591
785333
607730
554466
874979
851456
273468
182798
511824
364409
666309
752763
287425
71573
806435
298628
91611
263068
798850
488291
950440
487430
577413
838334
749036
609630
463085
789445
335900
495406
895910
353127
782885
331312
110382
654969
712053
889413
508649
611217
981498
802313
445067
108443
374288
209121
619873
332334
623851
314657
323442
523900
895086
654282
411511
617003
206392
892794
97426
567153
89716
594727
792477
674317
898530
518364
853767
689985
381183
433339
153797
668703
764768
461070
269275
897014
806759
24971
744157
420198
379130
355230
565799
361388
237262
334065
677459
741241
158846
83103
646195
216440
240912
788662
266553
772847
612761
280615
897374
336579
527720
172083
200845
464491
394208
352693
344005
532974
810044
297341
79317
442503
625597
705971
369344
428022
267326
418135
100838
757602
830352
448651
151112
489037
546666
464918
243279
861952
773033
160951
112810
874888
77864
783206
370892
389437
642159
50680
934072
642497
404413
113351
934166
906005
357062
617895
575035
376507
948702
501282
739791
820284
9467
527753
770482
506375
687537
493133
679002
667850
50813
501909
980427
414557
253129
99108
229211
440948
891867
743489
560128
305026
791830
143013
829264
337612
331354
964506
155742
382964
988709
80522
194036
84415
914473
524452
545884
923864
823928
306065
684770
587718
960454
2351
750091
854873
117773
894796
346674
553140
675987
51021
792916
166583
62448
243916
462361
242662
703195
913735
129447
487455
831075
509700
648862
163979
937760
851348
158384
717414
864185
82318
334946
222244
294471
151562
166154
941576
604531
382560
921533
60148
413668
651785
769714
121951
726894
863392
258436
589607
656090
840011
225263
85785
981833
84313
57302
67250
963145
946552
500846
554170
260542
46136
582972
863045
182193
588930
818756
362903
727786
199301
781751
120005
520974
53540
393997
523315
437633
281640
774792
855214
932052
863046
86390
699456
970401
115543
770274
629170
561214
528209
527608
847904
805463
922043
301369
763646
527919
14118
225715
296182
871612
507779
744044
581743
817062
899564
972162
980016
711746
765505
692888
934190
35837
601562
329646
415855
989136
787445
2705
855770
461449
211167
378372
243864
824409
635851
343679
484521
540818
598614
799380
701424
270322
314538
584004
885835
492818
937342
487180
458996
725713
409518
335784
422396
334019
627549
79990
418687
469607
195917
961810
541545
195633
671614
256484
823687
603335
354124
325052
269030
685165
131164
78622
664457
539445
953811
991940
254213
100317
729437
244978
255807
814128
501987
826335
882021
294183
878311
218803
181765
181737
758978
739472
152068
988897
748580
44379
317133
361885
389205
421451
737621
400299
183164
658502
363149
397257
906459
875718
512853
328631
447215
67608
162217
599372
521706
7975
909222
755598
42413
308168
48991
567629
628815
886315
654164
87732
195022
718520
431448
669832
494726
510467
987388
185075
246495
278535
831599
327175
522156
842780
292458
124039
165484
886432
263409
926686
972542
691087
625893
32235
84107
548930
944686
671078
570908
331154
952254
224445
39245
63896
529727
335738
992363
73611
753629
824531
733773
222937
823415
718337
518230
284009
545430
686381
123425
489245
151215
818317
228130
51420
175136
413764
726832
634206
407080
536820
563115
77737
468882
291335
200540
862942
27878
96931
976071
9026
240451
851541
776515
41658
155758
554476
358336
498592
596841
995011
634443
413545
566161
987683
612830
460320
11931
75265
721880
148498
985044
565876
629392
767899
105899
129018
310136
634453
295530
331663
407288
432823
623641
236145
940960
495571
932381
112905
320389
293005
809116
39046
235847
100690
661178
984208
614713
292170
416604
840722
518635
470485
488422
68726
724942
59706
913792
388091
57482
799199
720997
280491
269683
511839
269231
398026
691128
231177
301622
131547
466318
306639
512765
373985
717900
218426
848895
387718
920621
49802
410959
846353
884170
941652
40522
303947
894116
182105
586739
668178
319546
296486
272164
2118
32436
578377
507003
93538
321346
30378
468385
169143
199491
883322
658963
911787
935341
359930
698647
148212
814015
542615
20426
224743
366705
929083
8222
918982
735308
31017
599512
108675
888460
142165
243070
354001
36161
732136
698659
507204
731429
721020
791584
276575
662500
783805
151738
276971
416662
233187
93416
636336
201429
808864
114718
553599
323758
331850
339394
398568
230514
146980
414670
801878
96406
96911
956491
741492
850711
466838
409151
52446
576664
929506
254628
610022
277876
514801
456427
413516
609534
812744
664668
369838
678874
901542
887877
852334
962420
633366
714934
99122
29137
944123
17728
290976
444639
634444
780946
254453
668697
966276
799900
729732
859407
617585
978820
55306
615457
314028
344240
14516
934327
587704
615054
589570
570995
726854
556120
650766
4388
867293
648058
955930
597013
64226
877207
889954
210074
208721
935950
395288
105295
394999
668193
667804
891318
688335
33775
346043
445503
801631
52337
762828
624796
213563
832980
928603
479785
607292
553983
509231
863221
881430
539049
272654
699112
131944
648991
126404
195610
127663
541787
916996
635311
130374
953940
770611
565428
179176
837052
119812
218494
846466
549348
574532
918415
76825
614098
446951
409472
644907
283523
733992
313423
531369
467250
917869
729943
254463
14311
924187
986774
708600
870410
758455
812745
515897
827226
321949
134929
672974
442211
194876
31005
565581
933018
147167
812618
412584
93917
683199
453041
712387
159939
187255
430841
665275
939829
756112
977845
989751
362296
542039
124936
509659
935063
547465
949027
523041
464587
486325
365047
33267
170261
59521
10191
655856
469099
978065
965993
383254
215252
826827
125170
359896
505396
741953
775219
830850
434603
209528
630901
965321
183908
874808
965215
805273
26927
828757
893896
620139
84908
264867
527900
381929
780695
135383
111503
86998
879200
24542
829134
208088
394189
960440
59039
836874
986242
689687
307286
47017
393189
925892
181935
321957
931729
652548
697791
829068
117124
224794
150670
886027
880158
316284
757766
325276
513339
801588
835462
652446
259444
47056
878909
942279
325701
704357
157539
74641
211448
292120
57555
784940
470286
277312
140782
987245
283767
137994
99943
655866
342601
478153
789839
180611
570074
325447
390875
408449
921715
466293
297128
293085
400850
438782
828368
689426
740263
23263
979203
143739
988224
687308
119632
441534
488000
266082
210037
513846
376932
959721
751993
754456
363236
87477
611418
844761
429314
886789
376897
791484
966729
829259
785377
95869
803786
442152
197029
11426
225073
835699
53175
674711
22183
387720
197393
587817
455520
79683
44739
83977
869297
985742
409293
801461
902951
297164
989584
358952
837814
175487
314502
398035
530689
756072
10681
983237
94987
159861
594224
64213
655266
500230
490527
680005
431174
253256
97772
696110
218136
818115
248327
521853
28475
677738
39259
322490
542251
327367
911457
51354
311452
69478
121841
578897
573000
611684
645680
319871
230607
49360
555500
431060
75337
96691
889130
316950
914387
37869
892231
135390
791339
140354
627449
793607
993396
629278
508174
329421
575478
668360
115892
947850
902305
393318
85551
578305
681586
399870
170238
506682
301663
91956
243798
731990
955577
6699
344454
402563
959369
637684
410791
186877
839539
342265
784743
285222
851855
181269
107887
986256
19922
991475
830621
727292
206148
735408
725294
669853
331416
496875
917414
721668
435279
712235
534067
384553
468433
913328
279876
37376
659277
295914
229401
721959
556317
765547
787309
166318
625147
717418
554928
997492
810331
327964
823152
626951
595955
658056
283664
967412
841589
5262
149575
156357
101339
724334
459513
432416
972778
546960
202915
90097
27591
319994
770446
364920
484567
139708
650696
498170
998444
122576
256209
122571
794827
122065
566331
506786
62909
32749
409215
626571
354011
663057
341490
67552
998427
90548
205720
599305
327045
440836
762775
60594
296315
788826
688319
77954
667252
271413
264833
967098
530628
849340
362206
146689
918342
893192
849383
511643
888259
628329
264771
765288
680555
207527
138717
932545
110055
315263
525734
45806
529706
565711
918314
825370
783592
601198
84288
485204
861053
869230
33708
66789
906501
522387
312444
897434
86902
52008
51845
408415
99995
432634
270689
388984
206997
328527
651364
749722
818181
493203
291413
359714
338683
659626
470322
769873
986699
37971
922786
696420
647634
486801
555149
113705
558138
704844
373740
639639
862697
541102
836173
190104
370826
617008
767242
755456
653610
312981
372644
877739
770692
150358
623048
580804
83962
351489
308135
32351
760248
278408
378792
413014
588968
388941
360241
172911
816596
277594
197002
17922
644535
625139
104055
468524
82117
572737
803214
764893
79618
578056
636155
316306
86323
949362
407409
219474
777146
616312
422230
656260
503754
833270
490240
287302
881232
801412
584116
595936
741643
330837
614760
770402
197734
958351
458942
372444
525485
715729
446800
950608
247121
921046
89708
75934
659117
326095
504705
823080
646821
226228
744471
702848
254053
500242
770253
509865
201150
696358
794416
231572
368758
437423
659536
370006
882949
844925
711839
179067
877624
863296
977657
64706
410737
958115
374274
446975
240540
55684
55158
967098
550154
777003
904646
150084
34493
308387
255589
737314
917785
100442
526800
357024
548182
737356
761803
904344
228377
276393
474177
332033
969537
661214
583038
802773
455491
945886
606086
890664
267442
30055
314712
541391
760710
608431
938219
292835
482993
443011
377152
633539
8450
722147
181351
821419
717150
551494
768876
526338
601533
725715
754244
486679
665681
252973
139578
885163
964472
312133
508478
4407
206968
223708
96708
313939
325639
956833
511455
453957
968914
480149
609512
765981
684534
937888
117443
621929
950912
437186
375681
533128
294292
116799
185810
917828
676957
891327
659511
198220
687950
716676
124492
981982
926918
303821
267059
32492
139034
129839
307502
61370
737886
740325
393803
346839
797668
915853
105494
843669
456421
230538
116927
279885
103584
944952
833825
252543
645261
161064
854759
793299
284317
502316
526272
783940
475231
896529
358945
811297
786227
964888
477984
487968
696321
251846
733259
924953
498603
581934
793224
756300
449537
944429
423646
356151
481263
893578
224268
567718
70617
63402
877389
27624
372440
468922
585830
796551
67507
439086
165713
613804
926927
398933
759850
205219
223386
758408
779136
482013
5337
272850
635355
567342
909825
4706
859276
336482
780475
382949
986457
108272
211194
553886
160615
565687
24381
248062
353293
15411
729798
143832
233745
767203
928605
385720
385798
297477
447233
703916
938333
118226
973191
309426
260425
689148
761535
658100
882011
330641
125193
1231
795946
907805
862693
194763
694099
922568
406879
482727
612315
540922
198675
567130
596502
101819
661176
310329
285765
727212
244735
797799
729359
476187
646607
639841
440393
113147
512563
647955
33304
926419
746736
410091
30031
887824
790272
104832
87533
729607
48023
43322
451456
778624
831879
121943
746553
346076
759147
208661
112656
923943
859768
40805
38106
517473
374487
988690
290233
802060
663718
321590
581719
695517
561718
443443
572486
413647
123056
711725
899705
794284
309440
332048
798529
589361
390747
930118
201801
520994
866700
797287
228114
885089
61056
531697
104018
27780
720786
13823
520758
242400
577905
268642
925816
220559
193182
911658
88037
952936
999129
210426
410793
907747
459448
321103
769835
106718
864076
4461
37610
361400
33032
542563
414173
884392
802128
931449
329328
356871
734834
609307
824203
10930
905454
842488
73482
125185
508751
781229
513652
412067
768876
767627
922598
904869
144735
313095
233367
65792
946903
201911
32909
807147
855509
413657
14617
578674
480623
705498
19055
936890
341430
530643
601975
522509
929160
541289
931627
166433
765025
553503
674386
8176
347027
314563
117963
712799
99643
117848
908948
624042
617577
875853
547356
77731
176242
742775
859312
2819
744191
237707
637076
144518
72887
63502
466500
935251
982685
815277
851394
915323
601139
688766
572994
252676
818372
305668
442469
911974
671847
342643
180465
45747
910814
357210
94775
116061
35310
464531
65186
849910
276307
784192
404845
823630
852339
844935
290063
792455
579795
562052
428055
448063
710249
300596
481435
440946
380283
432099
922471
480705
423862
360998
477971
600178
401089
471352
190807
900455
712757
395202
