497863
60778
745777
359386
738585
437424
856745
370735
458890
951958
425406
323077
514637
145544
21024
2760
521512
669708
384079
672181
715192
566553
29379
338726
328332
60253
965522
850598
636706
488087
491129
430858
231495
812011
390041
701588
949220
680136
382914
706021
306869
759085
452165
644379
898524
120771
265855
37313
443766
275107
365600
25126
259248
969746
947681
993793
12774
688364
753099
537411
430016
32094
453010
240582
574490
893130
189691
867322
352062
703174
639053
285071
909779
732539
180481
280636
69162
641870
215846
791424
561947
5886
615704
448701
468555
475119
543729
802596
564302
909142
241335
206765
748929
652127
822063
959911
503115
260284
462743
901334
350688
802768
173532
509730
465983
806718
408748
274072
434585
419476
59003
809924
665969
970043
218466
140225
73773
24114
399556
19062
603900
595008
468882
788733
478547
520509
360861
38916
299817
213558
69402
910989
9562
186740
25501
962215
57940
608757
786508
706916
229587
928314
437057
348938
658940
746597
600511
148802
497353
152692
8540
17222
626457
841531
932664
882365
332499
434539
561337
571128
243468
754426
990889
25517
287472
115370
736330
629241
492111
941690
397940
898462
330917
11909
526318
439508
967848
900338
73953
733882
643394
594098
959817
118531
635098
719683
922596
804984
924475
997431
319718
575476
311260
879020
836265
898992
909573
867755
704352
143865
255583
783562
893559
446661
445275
225974
320611
359425
474425
984112
461093
502011
888895
447072
448034
219353
6779
300619
678490
677306
190852
906319
632802
283334
797010
236671
471935
561034
354034
628733
898820
270831
916296
437447
524096
738968
374004
209223
897252
494985
540353
628593
843680
817581
758524
919827
526545
448724
401191
306171
937474
396048
856646
989121
937485
182028
185868
740268
925943
654345
392316
130324
594369
2391
105543
995015
410990
684999
207384
135900
779880
429369
860105
564639
822927
745467
584322
729824
101101
962960
185830
356416
559639
562553
743105
40024
923789
893780
840928
510443
944199
298682
962156
927959
367458
239034
864852
155243
49536
453220
302374
89415
7110
37709
688626
990338
38593
970970
152967
737630
989706
351755
610333
186231
54983
139460
633716
408650
640154
951463
411520
308101
199071
62205
917051
161158
193014
421951
954239
174039
485306
251225
553860
451415
645787
153637
7229
877787
193359
321536
801740
228043
72933
352605
244646
506044
469941
476518
862078
815038
875046
204532
458587
743442
829566
155107
75067
111354
514223
657688
48831
150460
446587
84193
106418
887233
928995
284824
285904
488014
64137
250772
202607
503037
452459
929043
558495
941781
307806
777568
504153
370509
891064
743955
423232
73258
580690
946309
664253
769176
765376
286966
710980
384468
847267
773835
457522
331432
442561
241897
252127
476118
801874
194013
460145
745151
336367
104926
125594
193007
161102
518545
185780
313205
584237
640331
455549
244063
447069
151653
88226
568700
503357
855397
465487
535415
108502
606696
227975
81342
711387
50367
647482
227851
878748
282857
102364
547430
432036
421757
49022
10057
613752
334694
755744
156489
466621
840714
711093
562324
714955
779501
119895
565629
17248
656519
109154
837263
523412
232529
554274
468542
502454
945234
330421
505868
237576
294496
430585
698163
585677
978565
151032
361720
352556
372268
151760
632888
489514
828454
227615
828497
789829
290390
260014
318460
709409
312839
211145
952222
921652
679795
700845
165569
539191
781050
563772
867668
641024
687873
101255
369042
921801
45316
126934
564244
133847
718614
434990
236776
398103
814388
268302
679021
888244
152172
259310
651454
439398
288936
298196
825409
204471
933196
549426
237576
138817
820178
268376
874043
182228
689809
28120
524989
456486
514582
827519
226890
210637
133396
786796
236455
926039
588282
552472
810368
622156
147005
454613
818651
780660
811853
759008
219477
589889
870093
717280
883079
643563
613144
711265
96427
25182
365020
325002
42562
800123
747606
454211
172194
86468
256348
984071
486706
375128
953891
876710
997265
511268
195129
567995
25282
686635
872635
690951
438869
404739
984182
88632
270632
707044
709022
808823
741158
827725
401719
817674
778059
912810
159344
207025
216633
623086
888341
626242
296586
843092
530353
501453
537595
819960
90477
779140
256083
955547
856007
727308
179536
668732
483871
432637
721490
213420
324606
207508
868722
601612
592045
90531
629287
584991
232051
272659
302621
138362
95462
639439
2939
95251
623123
782829
221072
913699
167292
53535
458345
263082
57851
688357
495524
132505
640520
154199
799762
27251
927750
130832
335513
570373
742822
144439
336039
975451
262276
724744
613010
339824
465017
44116
621858
462055
422176
353163
790279
834905
391814
280588
980195
555265
422259
885082
971599
865157
497304
732054
893693
798160
931188
521507
466306
943196
727057
203917
899696
279177
96414
712451
732134
97373
986288
505214
125077
657855
437155
292374
784026
610201
170720
623021
590082
248301
552831
353210
372905
371409
498630
920563
501072
993628
904452
354612
684521
662587
179205
671779
605451
614262
650488
91030
21816
257030
57051
764861
606271
255272
960907
907391
462724
731855
339449
796368
23306
437836
273175
888720
708990
292728
204453
235
309746
856135
800008
658208
2668
860298
446621
755939
604086
189076
446539
893086
958857
727811
967506
554921
356473
967979
130903
966513
499302
300772
820513
576442
124661
967461
167139
535350
297618
567638
94514
272023
313045
617966
520654
107001
674356
530418
945616
849346
323346
225129
137447
806910
210398
806555
905933
665971
605418
644278
999339
528299
994623
526411
540033
941801
890447
955384
70185
318571
249355
689259
436200
988056
672968
172828
809775
198207
768179
498273
360190
638695
833860
123435
640445
429117
969619
883859
46845
235305
838651
767214
860114
852845
523958
302551
652948
425538
598730
156328
29729
868907
267209
42891
741886
736853
955967
215975
673541
647875
335935
219317
316769
319956
578148
299420
737538
142099
293772
844574
889675
182259
549344
490433
398351
345888
841766
900370
906079
480599
86232
452931
749617
2230
698345
136468
293951
554880
35674
320445
314673
153596
206560
46236
748326
173462
887735
722793
716098
890873
600230
617268
72791
415509
929746
515915
789219
67046
835138
945194
388921
551065
914688
604651
375127
207018
778269
184535
234850
87535
322518
348610
925858
880448
82957
976179
713266
321483
397445
342466
339643
829206
108929
901069
682434
561245
197081
577681
536028
66766
385199
459647
337846
518475
690366
8885
825828
817790
937259
739533
603982
281814
533733
7514
277346
240028
954100
719100
674596
441265
387966
999955
635107
690887
139675
751535
434916
191563
116806
987374
166903
638133
923175
839245
827498
504914
126634
594523
804212
620639
260933
349618
452234
329253
265935
504020
215106
797838
502228
115119
479590
149483
348878
328627
931918
974048
728062
983606
709208
296322
291150
629970
744287
673213
337449
626969
949567
405768
640623
962391
620627
