82
207
220
400
400
687
853
884
1106
1231
1261
1353
1362
1494
1710
1751
1773
1781
1869
1951
2010
2077
2118
2201
2351
2480
2455
2705
2787
2819
2984
3003
3202
3252
3370
3392
3520
3760
3879
4123
4152
4203
4324
4278
4388
4403
4407
4461
4519
4532
4540
4706
4734
4775
4805
5005
5059
5087
5063
5140
5262
5290
5337
5433
5485
5651
5652
5705
5804
6017
6298
6315
6455
6699
6788
7064
7093
7106
7176
7349
7486
7545
7597
7975
8176
8222
8293
8450
8722
8807
9026
9065
9132
9306
9310
9316
9602
9467
9694
10191
9830
10298
10409
10452
10527
10532
10535
10681
10655
10712
10930
10850
10995
11107
11155
11340
11362
11426
11746
11450
11920
11931
11939
11956
11998
12046
12579
12084
12729
12956
12999
13053
13089
13114
13140
13265
13211
13285
13364
13426
13573
13561
13671
13687
13801
13823
13916
14118
14123
14220
14311
14330
14426
14508
14516
14617
14969
14975
15080
15168
15295
15378
15378
15411
15466
15515
15701
15728
15876
15810
15924
16045
16245
16137
16362
16522
16846
16770
16926
16947
16952
17242
17039
17298
17308
17420
17449
17658
17683
17728
17732
17814
17922
17974
17979
18302
18351
18354
18407
18573
18595
19046
19115
19055
19168
19192
19299
19314
19384
19565
19910
19922
19962
19947
19986
19988
20163
20212
20286
20255
20426
20792
20876
21326
21350
21421
21498
21590
21627
22166
22125
22183
22282
22349
22604
22607
22986
23246
23263
23344
23710
23748
24301
23763
24381
24393
24542
24553
24586
24605
24800
24802
24874
24960
24971
25006
25073
25204
25333
25352
25439
25471
25492
25509
25573
25604
25694
25763
25919
25970
25934
25974
26107
26167
26186
26189
26312
26371
26372
26407
26480
26447
26512
26581
26691
26982
26927
27307
27332
27402
27518
27519
27591
27763
27624
27777
27780
27874
27878
27886
27924
28003
28246
28371
28475
28677
28826
28983
28866
29137
29142
29308
29707
29817
29744
29819
30031
30055
30311
30670
30378
30796
30832
30964
31005
31017
31291
31176
31424
31492
31561
31516
31680
31708
31848
32070
31987
32235
32351
32436
32492
32562
32732
32749
32876
32909
33002
33032
33087
33267
33190
33271
33304
33393
33455
33624
33641
33708
33722
33819
33775
33925
34001
33943
34002
34043
34053
34312
34331
34477
34493
34497
34536
34666
34682
34767
34903
34923
35116
35041
35203
35310
35311
35375
35380
35430
35508
35837
35985
36098
36161
36339
36469
36510
36529
36565
36641
36689
36726
37245
36759
37269
37376
37496
37575
37599
37610
37869
37971
37714
37984
38106
38517
38534
38590
38643
38654
38712
38894
39057
39046
39118
39201
39215
39245
39259
39265
39435
39478
40032
40100
40468
40522
40642
40642
40805
41065
41108
41159
41224
41523
41574
41640
41658
41670
41747
42081
42167
42246
42242
42287
42268
42413
42466
42669
42770
42771
42925
43105
43199
43322
43535
43836
44002
44003
44215
44221
44259
44275
44356
44379
44490
44739
44767
45015
45089
45213
45197
45310
45345
45438
45430
45442
45516
45747
45765
45806
45910
45937
46030
46136
46141
46204
46335
46361
46412
47017
46433
47056
47117
47178
47264
47429
47778
47634
47781
47826
47934
48023
48166
48670
48360
48859
48693
49098
48991
49122
49180
49360
49464
49595
49794
49802
49994
50077
50126
50140
50244
50358
50680
50813
50853
50840
50900
50920
50939
51018
51021
51071
51134
51137
51170
51189
51354
51405
51420
51494
51454
51700
51845
51710
52008
52020
52178
52230
52279
52337
52292
52383
52446
52535
52631
52690
52800
52886
53175
53304
53434
53540
53542
53558
53974
54030
54129
54664
54858
55039
55120
55158
55158
55306
55311
55374
55377
55387
55410
55504
55684
55939
55994
55997
56040
56132
56250
56804
56896
56910
56986
57288
57302
57365
57415
57482
57555
57648
57712
57981
58072
58216
58293
58299
58370
58381
58474
58491
58872
58979
59039
59439
59334
59510
59521
59535
59597
59706
59777
59761
59812
60020
60220
60148
60290
60313
60366
60412
60468
60501
60529
60565
60594
60616
60765
60803
60816
60961
60966
60986
61056
61103
61187
61370
61525
61747
61776
61832
61904
61992
62087
62091
62257
62286
62329
62435
62448
62564
62700
62575
62909
63114
63140
63188
63193
63402
63490
63502
63711
63778
63797
63896
64041
64096
64120
64226
64213
64298
64357
64510
64585
64706
64862
64955
65000
65045
65065
65186
65377
65526
65554
65651
65739
65792
65891
65943
65967
66026
66092
66108
66264
66266
66762
66789
67250
67004
67552
67507
67608
67676
67775
67854
68144
68184
68251
68698
68726
68838
69003
69024
69075
69159
69215
69478
69468
69744
69983
70047
70365
70450
70694
70617
70932
71048
71268
71429
71526
71530
71573
71632
71790
71845
71952
72063
72122
72176
72563
72616
72887
73238
73328
73482
73487
73599
73611
73740
73750
73840
73842
73873
74014
73984
73880
74076
74369
74424
74476
74638
74541
74641
74650
74662
75135
75227
75265
75417
75337
75522
75603
75641
75931
75934
75967
76275
76287
76323
76421
76355
76607
76647
76697
76703
76767
76752
76773
76825
76844
76994
77080
77068
77113
77121
77290
77305
77378
77608
77430
77731
77737
77778
77788
77864
77979
77954
78183
78340
78392
78434
78444
78471
78575
78622
78738
78752
78958
79101
79005
79295
79317
79358
79589
79618
79683
79692
79990
79976
80021
80177
80199
80325
80439
80522
80453
80950
81270
81324
81325
81496
81569
81669
81707
81707
81804
81874
81915
82066
82069
82117
82275
82365
82318
82470
82383
82584
82573
82678
82888
82902
82930
82955
83117
83103
83425
83538
83557
83788
83673
83819
83891
83962
83977
84182
84107
84288
84304
84313
84384
84608
84415
84652
84883
84908
84990
85551
85553
85638
85785
86064
86239
86323
86390
86496
86406
86505
86539
86655
86729
86745
86731
86902
86773
86858
86998
87040
87165
87471
87387
87477
87533
87721
87732
87793
87824
88037
88052
88103
88272
88164
88755
88775
88815
88863
88926
88971
89037
89104
89057
89203
89275
89317
89326
89328
89349
89681
89708
89716
89722
89859
90097
90110
90305
90375
90386
90388
90396
90465
90476
90548
90581
90637
90705
90786
91003
91128
91350
91200
91526
91564
91491
91567
91611
91703
91712
91751
91792
91832
91956
92221
92002
92223
92238
92401
92501
92712
92971
92986
93179
93247
93286
93416
93538
93597
93719
93783
93917
94029
94223
94283
94317
94369
94505
94987
94775
95151
95153
95155
95296
95395
95486
95718
95627
95732
95815
95869
95931
95935
95948
96019
96028
96329
96331
96335
96375
96406
96603
96708
96691
96911
96931
96990
97401
97426
97492
97546
97681
97772
97853
97886
97891
97917
98074
98099
98169
98324
98611
98573
98793
98887
98946
99108
99122
99259
99399
99457
99469
99474
99506
99544
99574
99588
99643
99671
99696
99943
99864
99995
100189
100317
100381
100390
100529
100442
100580
100584
100690
100740
100789
100838
100899
100955
101110
101162
101171
101205
101305
101326
101329
101339
101420
101351
101442
101461
101466
101499
101887
101819
101986
102155
102270
102420
102794
102617
102809
102901
103010
103075
103197
103296
103436
103481
103495
103584
104011
104018
104362
104055
104824
104832
105054
105061
105074
105494
105168
105295
105457
105525
105570
105733
105899
105961
105990
105993
106159
106370
106407
106445
106718
106809
106850
106935
107026
107226
107234
107511
107524
107593
107713
107785
107831
107887
108138
108272
108443
108620
108685
108675
108783
109043
109060
109528
109674
109746
109826
109895
109998
110055
110201
110369
110270
110382
110462
110520
110663
110862
111085
111116
111134
111192
111499
111495
111503
111833
111895
112581
112656
112761
112794
112810
112905
113011
113102
113147
113230
113324
113351
113562
113569
113621
113705
113785
114006
114289
114514
114665
114718
114718
114779
114858
115025
115062
115129
115230
115233
115348
115410
115434
115530
115543
115625
115689
115701
115806
115892
115941
116030
116061
116094
116112
116258
116320
116391
116429
116625
116700
116713
116799
116718
116927
116957
117031
117133
117124
117277
117388
117441
117443
117629
117648
117833
117773
117848
117963
117944
117986
118075
118226
118255
118279
118433
118506
118540
118688
119479
118792
118907
118929
119560
119632
119758
119812
120005
120024
120026
120100
120141
120167
120509
120564
120623
120989
121037
121136
121136
121234
121648
121771
121876
121841
121894
121943
121951
121953
122065
122136
122159
122326
122532
122576
122571
122818
122879
122902
123056
123194
123196
123425
123493
123674
123772
123945
123992
124033
124039
124055
124068
124185
124395
124440
124544
124492
124558
124778
124801
124936
124860
125170
125185
125243
125193
125492
125643
126014
126082
126122
126149
126306
126404
126325
126474
126512
126521
126716
126808
127433
127369
127474
127492
127531
127654
127663
127755
127672
127805
127948
128065
128060
128079
128326
128378
128090
128572
128675
128728
128757
128870
128813
128893
128947
129018
129055
129447
129383
129521
129625
129839
129959
129847
129962
130106
130167
130374
130259
130438
130469
130738
130796
130808
130875
130948
131164
131202
131377
131416
131547
131642
131673
131752
131831
131861
131944
131948
131971
132050
132054
132267
132271
132329
132556
132523
132791
133135
133039
133170
133249
133213
133321
133358
133438
133439
133463
133516
133663
133797
134149
134264
134419
134593
134707
134885
134836
134929
135031
134987
135031
135330
135338
135383
135390
135626
135811
135886
136161
136241
136706
136828
136919
137535
137703
137994
138251
138260
138366
138396
138612
138621
138717
138742
138882
139034
139410
139526
139543
139578
139584
139587
139751
139708
139952
140205
140354
140526
140588
140626
140752
140776
140780
140782
140941
140884
141102
141185
141146
141210
141242
141502
141252
141550
141615
141700
141937
141853
141969
141976
142034
142165
142376
142596
142696
142745
142746
142798
142759
142901
142892
142999
143013
143116
143628
143414
143739
143832
143914
144178
144216
144232
144378
144518
144717
144735
144926
144940
145085
145324
145584
145840
145997
146119
146013
146272
146689
146380
146723
146801
146824
146895
146980
146906
146981
146996
146998
147167
147380
147427
147538
147650
147870
148212
148498
148498
148648
149104
149346
149377
149575
149708
150028
150084
150358
150088
150660
150670
150857
150881
151040
151112
151215
151287
151562
151375
151567
151654
151694
151722
151738
152068
152184
152216
152457
152506
152507
152565
152603
152749
153291
153604
153703
153797
153877
153897
153999
154142
154152
154169
154250
154659
154469
154732
154881
154857
155202
154930
155216
155413
155423
155515
155742
155758
155821
155957
155936
156020
156036
156065
156114
156458
156357
156723
156735
156848
156797
156897
157042
157044
157185
157224
157235
157237
157279
157530
157539
157681
157988
157907
158121
158384
158399
158420
158484
158846
158501
158848
159045
159123
159208
159211
159370
159390
159470
159574
159657
159820
159939
159861
159972
159981
160138
160168
160261
160207
160262
160302
160541
160615
160669
160786
160951
161064
161076
161120
161935
161475
161958
161995
162071
162129
162217
162228
162377
162229
162465
162741
162773
162938
163044
163057
163146
163493
163559
163726
163727
163853
163979
163751
164018
164111
164330
164674
165111
165079
165140
165169
165304
165484
165556
165713
166002
166091
166154
166318
166433
166581
166583
166616
166873
166971
167008
167171
167177
167348
167491
167388
167463
167679
167758
167779
167964
168044
168089
168185
168439
168734
168888
169038
169143
169417
169422
169476
169519
169606
169841
169844
169857
169863
170093
169919
170238
170261
170375
170577
170595
170600
170810
170964
170966
171257
171194
171273
171281
171291
171375
171542
171510
171827
171779
171938
172052
172083
172182
172192
172242
172473
172527
172767
172903
172911
173111
173207
173211
173619
173833
174007
174009
174179
174275
174361
174557
175073
174716
175136
175364
175487
175752
175761
175821
175912
175896
176001
176242
176406
176608
176650
177000
177034
177053
177359
177412
177526
177712
177849
177947
178071
178091
178529
178757
178811
179067
179122
179151
179176
179806
179541
179905
179963
180011
180027
180035
180128
180264
180398
180426
180465
180611
180687
180985
180868
181047
181269
181351
181371
181453
181545
181607
181653
181737
181758
181741
181765
181888
181930
181935
181936
181946
182050
182105
182193
182486
182662
182731
182774
182798
182802
182911
182959
183014
183089
183131
183164
183511
183703
183726
183768
183900
183908
183975
184047
184047
184224
184242
184454
184485
184502
184542
184558
184922
184745
184983
185075
185099
185112
185210
185535
185629
185810
185908
186042
186313
186653
186721
186721
186877
186939
187255
187337
188007
188093
187852
188110
188165
188343
188385
188409
188694
188885
188793
189162
189195
189252
189397
189462
189489
189547
189604
189664
189760
189764
189786
189940
190104
190160
190256
190300
190342
190478
190599
190730
190807
190975
190994
191232
191355
191518
191559
191610
191957
191899
192218
192484
192372
192495
192972
192863
193013
192989
193144
193150
193320
193182
193377
193631
193813
193828
193997
194036
194300
194763
194242
194876
194935
195022
195029
195046
195163
195199
195247
195326
195372
195529
195610
195633
195650
195678
195753
195917
196137
196145
196157
196387
196574
197002
197029
197225
197240
197248
197290
197393
197396
197406
197421
197480
197532
197621
197720
197734
198029
198127
198220
198246
198377
198424
198675
198430
198548
199000
199013
199040
199044
199127
199134
199301
199255
199312
199403
199491
199498
199548
199624
199872
199898
199959
200510
200540
200558
200625
200641
200845
200860
200863
201150
201166
201260
201350
201357
201413
201429
201431
201573
201598
201606
201636
201745
201911
201801
202007
202143
202147
202177
202232
202179
202310
202377
202632
202712
202736
202784
202911
202915
202960
203201
203245
203247
203322
203427
203625
203594
203671
203729
203897
204262
204286
204327
204572
204715
204929
204982
205014
205031
205063
205112
205153
205219
205244
205446
205572
205659
205692
205747
205720
205847
206148
206178
206392
206396
206436
206764
206944
206959
206968
206997
207127
207154
207338
207432
207680
207527
207939
207750
208088
208189
208209
208335
208400
208661
208721
209083
208869
209121
209277
209308
209510
209528
209580
209916
209995
210037
210074
210426
210263
210658
210697
210700
210751
210758
210767
210907
210883
211048
211086
211167
211171
211194
211292
211410
211411
211448
211586
211636
211515
211891
211930
212238
212019
212328
212445
212407
212471
212978
212662
213231
213278
213350
213378
213700
213563
213846
213894
213969
214068
214117
214213
214390
214445
214485
214507
214619
214633
214789
214822
215252
215301
215604
215303
216408
216034
216440
216468
216471
216712
216845
216930
217253
217373
217411
217657
217536
217777
217892
217985
218044
218136
218238
218243
218404
218426
218494
218745
218777
218803
218885
219152
219280
219347
219474
219415
219505
219512
219651
219920
220122
220215
220292
220390
220404
220482
220559
220561
220760
220804
220814
221132
221261
221272
221353
221446
221591
221683
221792
221799
221886
222158
222244
222359
222363
222446
222603
222894
222922
222937
222947
223213
223042
223386
223652
223657
223708
223721
223752
223795
223831
224204
224236
224268
224584
224445
224700
224743
224794
224808
224878
225073
225153
225204
225205
225299
225263
225494
225565
225715
225787
225960
226110
226228
226374
226639
226718
226865
226983
227059
227073
227093
227300
227318
227443
227942
228004
228020
228027
228031
228114
228130
228285
228325
228332
228377
228542
228618
228898
229198
228924
229211
229344
229340
229401
229422
229430
229462
229528
229655
229878
229814
229942
229950
230015
230064
230119
230383
230176
230514
230538
230607
230696
231137
231177
231187
231303
231331
231572
231652
231875
231904
231992
232056
232197
232385
232456
232524
232566
232606
232646
232729
232786
233051
233187
233251
233339
233367
233745
233908
234209
234257
234299
234279
234383
234510
234728
234833
234910
234963
234991
235051
235094
235140
235256
235262
235623
235733
235765
235806
235847
235930
236145
236161
236331
236515
236518
236623
236597
236634
236653
236670
236802
237077
237255
237176
237262
237381
237707
237874
238011
238314
238542
238609
238725
238916
239499
239331
239687
239752
239981
240071
240134
240451
240540
240702
240776
240890
240912
241129
241044
241136
241212
241235
241682
241754
241778
241810
241915
241935
241980
241997
242081
242104
242205
242369
242400
242513
242619
242662
242826
242833
243000
243070
243111
243252
243279
243280
243406
243469
243411
243529
243691
243702
243718
243798
243808
243864
243905
244047
243916
244247
244285
244280
244350
244384
244571
244596
244642
244647
244734
244735
244787
244978
245298
245486
245527
245801
245928
245940
245972
246111
246304
246334
246406
246445
246468
246480
246495
246575
246631
246624
246631
246686
246908
246706
246916
246946
247027
247121
247224
247230
247339
247412
247525
247658
247976
248269
248062
248293
248321
248327
248327
248495
248505
248495
248653
248843
248881
249014
249015
249025
249053
249233
249372
249732
249404
249405
249817
249882
249974
250466
250493
250625
250754
250640
250994
251104
251173
251299
251430
251450
251533
251521
251544
251719
251846
251937
252005
252015
252285
252289
252337
252543
252617
252632
252676
252747
252870
252961
252973
253129
253256
253343
253379
253358
253505
253678
253748
253854
253889
253916
254019
254052
254053
254213
254214
254228
254411
254453
254463
254628
254667
254629
254872
254830
254876
255107
255193
255234
255232
255390
255543
255589
255781
255807
255989
256137
256209
256217
256484
256586
256609
256634
256932
257017
257038
257139
257211
257520
257798
257839
257976
257958
258120
258134
258410
258273
258436
258512
258502
258559
258562
258566
258913
259178
259258
259444
259406
259487
259599
259910
260003
260058
260234
260346
260425
260429
260542
260548
260587
260605
260641
260733
260886
260838
260927
260968
261053
261105
261394
261503
261616
261623
261775
261912
261935
261921
262005
262271
262430
262514
262574
262720
262809
262880
263057
263409
263068
263411
263480
263703
263586
263856
263856
263872
264109
264141
264267
264401
264417
264420
264684
264659
264685
264721
264833
264771
264867
264895
264999
265008
265091
265290
265849
265608
265894
266082
266115
266261
266176
266372
266374
266553
266625
266680
266979
266986
267059
267063
267117
267222
267148
267326
267442
267498
267511
267552
267935
267937
268049
268052
268181
268501
268363
268521
268551
268642
268932
268820
269030
269047
269125
269231
269275
269261
269438
269683
269587
269728
269897
269954
270013
270073
270184
270197
270233
270266
270322
270327
270334
270340
270521
270552
270689
270716
270747
270928
270925
270957
271055
271413
271362
271561
271626
271768
271728
271809
271989
272028
272164
272262
272381
272535
272654
272817
272831
272795
272850
273045
273251
273047
273288
273468
273330
273642
273859
273883
273907
274469
274509
274544
274616
274723
274682
274901
275062
274973
275211
275215
275280
275504
275723
275663
276052
275739
276052
276393
276307
276575
276663
276740
276778
276802
276825
276860
276882
276971
277006
277161
277202
277227
277248
277594
277312
277837
277872
277876
278029
278081
278239
278300
278329
278408
278535
278638
278762
278821
278994
279168
279459
279477
279600
279772
279876
279885
280189
280214
280266
280356
280491
280615
280732
280778
280835
280910
280987
281057
281194
281202
281380
281487
281640
281928
282007
282057
282169
282205
282527
282538
282582
282601
282895
282990
283053
283075
283228
283425
283462
283523
283664
283767
284009
284218
284317
284243
284376
284394
284920
284989
284998
285020
285156
285222
285281
285574
285657
285621
285724
285765
285854
285872
285923
285931
286154
286471
286547
286669
286893
287003
287302
287410
287409
287425
287465
287472
287561
287675
287988
288049
288280
288320
288460
288673
288685
288774
288785
288853
289435
289454
289548
289455
289702
289718
290063
289977
290233
290380
290540
290599
290647
290715
290809
290821
290976
291335
291397
291059
291413
291450
291619
291849
291881
291989
292027
292112
292120
292137
292197
292170
292292
292354
292392
292458
292736
292743
292753
292835
292838
292908
293061
293005
293073
293085
293310
293568
293723
293783
293893
293943
294080
294087
294183
294287
294292
294353
294449
294471
294499
294492
294795
294845
294916
294916
295284
295323
295359
295463
295530
295715
295721
295808
295914
295899
296163
296182
296315
296420
296444
296486
296487
296681
296691
296749
297008
297128
297164
297341
297380
297432
297477
297484
297489
297504
297674
297721
297987
298193
298387
298403
298417
298628
298793
298793
299232
299392
299476
299635
299825
299708
299837
299964
299980
300028
300345
300560
300456
300596
301030
300775
301035
301212
301231
301276
301321
301343
301369
301622
301431
301642
301663
301804
302091
302239
302252
302472
302724
302895
303100
303341
303491
303659
303605
303756
303802
303821
303872
303947
304002
304068
304008
304498
304736
304876
304927
305501
305026
305512
305668
305715
305832
305848
305854
305974
306120
306065
306435
306438
306447
306502
306566
306625
306639
306788
307117
306941
307177
307286
307375
307394
307502
307781
307793
307843
307919
307983
308000
308008
308094
308123
308135
308168
308257
308278
308750
308387
308494
309037
309178
309440
309426
309868
309938
310023
310072
310136
310255
310295
310263
310329
310356
310405
310519
310593
310619
310781
310886
310924
310946
310950
311030
311214
311289
311452
311929
312133
312388
312444
312500
312981
313095
313114
313143
313237
313385
313395
313423
313939
313952
314068
314131
314028
314502
314420
314519
314516
314538
314563
314567
314597
314624
314657
314658
314708
314712
314746
314835
314968
315196
315263
315332
315332
315451
315504
315528
315520
315667
315683
315843
315777
315953
316245
316271
316284
316306
316799
316949
316950
316985
317091
317092
317133
317152
317220
317249
317349
317520
317479
317880
317648
317903
318066
318088
318107
318142
318310
318323
318379
318432
318584
318639
318655
319064
318942
319151
319305
319320
319486
319510
319540
319546
319711
319871
319925
319961
319994
320389
320392
320541
321103
321179
321243
321346
321518
321590
321639
321802
321824
321949
321957
321991
322034
322110
322108
322134
322159
322251
322490
322291
322983
322901
323052
323095
323107
323147
323260
323250
323431
323294
323655
323661
323442
323788
323675
323748
323758
323969
324006
324009
324131
324181
324409
324484
324568
324690
324736
324943
325005
325052
325097
325276
325277
325288
325447
325639
325952
325701
325986
326095
326145
326200
326823
326966
326973
326967
327045
327175
327203
327367
327640
327672
327964
328150
328191
328294
328392
328527
328530
328609
328632
328631
328818
329081
329145
329204
329328
329308
329350
329421
329485
329489
329646
329821
329906
329932
330198
330216
330261
330539
330493
330641
330837
330850
330846
331154
331157
331251
331312
331354
331416
331452
331481
331489
331555
331564
331591
331663
331700
331709
331850
332030
332033
332048
332049
332152
332165
332334
332378
332401
332472
332536
332755
332884
332985
332975
333041
333306
333311
333359
333759
333767
333773
333924
334019
334065
334125
334127
334295
334340
334468
334363
334946
334971
334973
335047
335219
335407
335503
335509
335738
335784
335876
335900
336156
336287
336255
336307
336482
336579
336720
336930
337179
336998
337258
337269
337414
337557
337612
337614
337674
337843
337939
338027
338401
338174
338467
338683
338698
338913
338922
339047
339394
339427
339082
339464
339568
339629
339755
339673
339908
339929
339947
340069
340072
340106
340333
340343
340450
340508
340586
340587
340605
340665
340694
340962
340855
341017
341053
341067
341267
341303
341430
341432
341437
341490
341578
341506
341632
341690
341805
341732
342133
342209
342265
342290
342335
342445
342525
342601
342643
342840
342879
342924
343008
343031
343112
343383
343425
343444
343593
343605
343679
343711
343885
343908
343930
343988
344005
344038
344240
344295
344326
344428
344454
344762
344843
345112
345416
345514
345582
345782
346007
346025
346043
346674
346076
346799
346839
346851
347027
347318
347799
347769
347945
347964
347991
348135
348271
348273
348408
348495
348563
348589
348656
348796
348851
349167
349011
349232
349355
349253
349427
349517
349577
349624
349751
349692
349811
349822
349816
350063
350089
350146
350172
350847
350473
350985
351159
351258
351432
351442
351489
351673
351715
352090
352219
352156
352488
352693
352878
353013
353127
353146
353212
353289
353293
353408
353409
353503
353579
353632
353766
353639
353767
353805
353964
353984
354001
354011
354022
354050
354052
354124
354504
354778
354881
354920
354957
354989
355047
355141
355089
355230
355267
355330
355401
355804
355728
356080
356151
356491
356627
356765
356871
357024
357062
357069
357081
357131
357210
357293
358012
358139
358144
358336
358368
358379
358635
358602
358696
358945
358930
358952
359112
359130
359180
359212
359230
359264
359556
359714
359753
359797
359896
359904
359987
359930
360230
360241
360521
360762
360677
360998
361194
361288
361388
361400
361626
361633
361715
361845
362051
361885
362070
362089
362206
362269
362296
362304
362495
362364
362495
362649
362706
362947
362903
363062
363087
363091
363149
363236
363823
364125
364409
364453
364597
364643
364655
364787
364920
364936
364943
364944
365047
365086
365212
365164
365590
365621
365643
365663
365686
365919
365931
366066
366222
366423
366621
367253
366705
367422
367766
368026
368066
368265
368412
368701
368758
368758
368994
369045
369152
369344
369701
369826
369901
369838
370006
370027
370067
370034
370149
370437
370571
370688
370696
370699
370734
370742
370826
370892
371016
371208
371304
371401
371416
371508
371534
371668
371679
371750
371821
371938
371973
372007
372023
372097
372196
372290
372444
372440
372644
372849
373067
373112
373179
373310
373628
373656
373740
373767
373823
373877
373985
374001
374067
374273
374274
374288
374304
374377
374436
374469
374487
374559
374555
374573
374721
375105
375219
375223
375414
375564
375681
375708
375761
375772
375817
375821
375878
376119
376200
376203
376507
376897
376932
376997
377152
377408
377958
378108
378141
378150
378372
378425
378496
378544
378572
378617
378746
378792
379103
379130
379242
379355
379378
379403
379416
379619
379588
379954
380032
380167
380283
380552
380613
380701
380702
380703
380985
381010
381012
381141
381183
381357
381417
381433
381647
381677
381746
381739
382106
381929
382388
382536
382560
382633
382770
382751
382949
382964
383254
383485
383474
383577
384133
384337
384342
384472
384694
385376
384553
385458
385551
385720
385697
385775
385798
385957
386156
386219
386224
386371
386476
386544
386640
386687
386655
386882
387045
387686
387233
387718
387720
387955
388091
388923
388163
388941
388984
389065
389194
389205
389302
389437
389474
389534
389534
389538
389604
389616
389724
389727
389780
389807
389841
389985
390026
390385
390389
390509
390654
390688
390747
390875
390922
390923
390951
391024
391106
391209
391325
391393
391486
391533
391563
391644
391693
391704
391742
391943
392127
392035
392165
392166
392335
392288
392839
392492
392851
392871
392935
393301
393189
393318
393559
393786
393803
393840
393997
394145
394167
394167
394189
394227
394208
394294
394319
394363
394370
394698
394976
394999
395132
395202
395243
395264
395288
395493
395778
395793
395813
395944
396108
396170
396467
396383
397131
397028
397243
397257
397420
397269
397421
397693
397994
398026
398035
398047
398138
398451
398454
398568
398579
398590
398707
398767
398933
399126
399326
399338
399390
399632
399805
399870
400299
400301
400795
400833
400850
400875
401089
401249
401333
401460
401514
401605
401894
402020
402283
402477
402502
402530
402563
402703
402725
402807
402816
402892
403050
403253
403581
403370
403390
404118
404156
404163
404260
404413
404845
404930
405176
405187
405407
405986
406295
406343
406304
406365
406392
406717
406795
406729
406879
407052
407080
407084
407301
407288
407308
407409
407452
407529
407661
407797
407782
407966
408089
407968
408449
408415
408604
408742
408744
408826
408856
408863
408982
409140
409151
409215
409293
409518
409472
409548
409529
409579
409601
409694
409786
409808
409826
409835
410034
410091
410148
410140
410191
410294
410352
410594
410602
410723
410737
410791
410760
410793
410855
410898
410959
411260
411270
411428
411429
411511
411597
411610
411903
411916
411925
412067
412184
412260
412584
412794
412903
412940
413014
413048
413080
413112
413157
413176
413184
413516
413535
413545
413647
413657
413668
413665
413764
413813
414003
414085
414160
414173
414218
414375
414439
414442
414504
414557
414670
414718
414726
414963
415030
415121
415163
415226
415407
415636
415855
416003
416061
416081
416339
416523
416562
416604
416618
416662
416665
416886
416888
416896
417185
417111
417941
418135
418229
418253
418354
418311
418473
418671
418687
418748
419256
419140
419363
419644
419693
419746
419758
419832
419892
420016
420040
420198
420114
420220
420220
420246
420265
420455
420657
420916
420951
421099
421188
421259
421451
421544
421457
421930
421907
422230
422110
422323
422425
422396
422443
422632
422887
422984
423136
423354
423183
423365
423371
423509
423632
423633
423646
423742
423816
423862
423936
424111
424221
424329
424425
424680
424437
424739
424787
424902
425156
425218
425418
425551
425428
425456
425562
425677
425590
425806
425745
425931
426114
426131
426186
426252
426549
426558
426617
427054
427088
427120
427149
427280
427476
427489
427539
427584
427661
427921
428022
428055
428085
428428
428436
428618
428546
428638
429213
428939
429219
429314
429323
429382
429389
429410
429488
429592
429743
430031
430549
430558
430562
430578
430669
430821
430825
430841
430906
431060
431174
431176
431191
431260
431448
431889
432099
432118
432370
432416
432465
432557
432558
432620
432634
432724
432823
432845
433033
432932
433339
433411
433485
433506
433526
433628
433990
434394
434603
434713
434777
434830
434868
434837
435021
435258
435279
435519
435686
435692
435708
435791
435826
435885
435962
436023
436092
436252
436358
436683
436724
436925
436937
437158
437186
437245
437336
437380
437388
437423
437449
437633
437956
437727
438046
438094
438187
438246
438354
438368
438436
438600
438684
438759
438782
438976
439018
439086
439157
439358
439399
439495
439617
439832
440039
440214
439958
440246
440264
440393
440700
440785
440792
440836
440889
440946
440948
441027
441114
441306
441308
441347
441381
441441
441534
441482
441701
441706
441736
441800
441807
441811
441820
441829
442071
441912
442152
442207
442211
442469
442481
442503
442516
442554
442792
442654
442870
443011
443430
443443
443700
443632
443833
444236
444309
444325
444412
444366
444507
444520
444615
444639
444872
444933
445067
445101
445135
445164
445174
445501
445429
445503
445772
446256
446767
446800
446951
446975
446981
447106
447215
447233
447241
447378
447395
447412
447436
447607
447998
447615
448017
448063
448542
448193
448543
448641
448651
449128
448751
449238
449340
449537
449880
450042
450198
450381
450727
450829
450880
451104
451268
451274
451279
451456
451945
451977
452013
452002
452061
452118
452172
452316
452355
452493
452363
452707
452719
452726
452757
452840
452959
453041
453097
453276
453518
453864
453957
453974
454409
454129
454782
455062
455246
455491
455520
455579
455617
455619
455618
455625
455826
455986
456404
456421
456427
456501
456477
456662
457103
456741
457136
457283
457333
457399
457409
457581
457584
457731
458127
458151
458152
458216
458265
458312
458323
458342
458385
458483
458500
458598
458784
458933
458942
458994
458996
459013
459113
459298
459362
459448
459475
459503
459513
459528
459574
459919
459590
460020
460074
460171
460264
460268
460320
460739
460832
460837
461070
461088
461191
461305
461449
461474
461480
461487
461537
461615
461579
461726
461908
462117
461926
462361
462379
462417
462634
462693
462753
462791
463065
463081
463085
463349
463357
463359
463521
463539
463686
463730
463944
464084
464084
464315
464360
464491
464531
464587
464732
464762
464821
464918
464822
464946
465140
465447
465594
465724
465831
465961
466175
466219
466289
466293
466299
466318
466500
466622
466627
466736
466838
466987
467205
467250
467292
467433
467916
467921
468337
468385
468433
468524
468609
468619
468753
468882
468922
469099
469607
469391
469615
469685
469781
469851
470062
469975
470096
470145
470286
470380
470485
470322
470590
470598
471035
471222
471328
471352
471469
471483
471800
471816
472052
472138
472159
472210
472232
472236
472275
472344
472347
472454
472480
472607
473095
473118
473239
473205
473250
473271
473252
473468
473448
473587
473621
473618
473890
473950
473907
474177
474509
474560
474608
474683
474850
474904
474956
474987
475076
475198
475209
475231
475350
475383
475510
475684
475761
476048
476144
476074
476187
476747
476356
476680
477056
477446
477419
477706
477727
477898
477890
477971
477984
478153
478194
478233
478307
478350
478254
478350
478460
478472
478713
478664
478942
478884
479145
479027
479218
479360
479366
479414
479527
479634
479785
479984
480067
480070
480149
480218
480263
480403
480464
480507
480495
480623
480705
480882
480961
481036
481162
481209
481210
481237
481246
481263
481303
481435
481876
482013
482055
482223
482365
482483
482727
482929
482959
482993
483142
483149
483425
483213
483503
483514
483721
483792
483815
483863
483867
483919
484151
484173
484156
484190
484252
484317
484369
484521
484567
484554
484733
484776
484784
484815
484801
485108
485197
485204
485553
485673
485866
486035
486048
486314
486325
486346
486346
486557
486389
486679
486682
486790
486801
487120
487180
487334
487393
487430
487446
487455
487478
487509
487545
487557
487732
487968
488000
488093
488225
488291
488422
488579
488731
489036
489037
489180
489245
489268
489392
489507
489511
489741
489850
490094
490140
490030
490157
490242
490240
490267
490363
490373
490389
490527
490604
490654
490962
490974
491332
491345
491456
491841
492045
492052
492096
492490
492514
492666
492672
492818
492851
492852
492921
493070
493119
493133
493170
493191
493203
493229
493235
493298
493339
493386
493463
493479
493563
493636
493934
494014
493693
494152
494267
494638
494650
494726
494897
494910
494928
495096
495249
495181
495355
495406
495442
495571
495872
495882
495963
496027
496274
496443
496457
496570
496776
496875
497045
496924
497174
497201
497283
497334
497454
497710
498170
498218
498352
498576
498592
498603
498938
498875
498981
499134
499013
499377
499559
499720
499810
499988
500075
500122
500127
500230
500233
500846
500242
500982
501010
501154
501212
501282
501308
501576
501376
501707
501909
501949
501898
501987
502035
502166
502206
502253
502310
502316
502634
503074
503261
503475
503658
503723
503754
503887
504118
504223
504223
504252
504443
504535
504539
504705
504712
504814
504894
505005
505082
505205
505309
505396
505444
505523
505621
505646
505983
506294
506375
506385
506496
506503
506544
506682
506742
506775
506780
506782
506786
506805
506870
506905
507003
507127
507204
507221
507221
507324
507354
507425
507630
507659
507779
508030
508079
508174
508241
508282
508348
508400
508419
508478
508519
508594
508649
508643
508751
508881
509231
509256
509420
509493
509659
509700
509647
509865
509997
510024
510124
510210
510467
510479
510583
510658
510795
510895
511048
511059
511125
511242
511259
511308
511358
511455
511418
511514
511605
511643
511824
511839
511962
512188
512067
512225
512242
512520
512289
512563
512672
512698
512765
512765
512853
513114
513153
513175
513227
513339
513410
513382
513459
513458
513515
513652
513667
513730
513784
513846
513851
513956
513970
514093
514199
514230
514338
514360
514379
514391
514752
514585
514801
514914
514942
515157
515077
515521
515643
515753
515897
515882
516008
516223
516445
516509
516592
516596
516641
517473
516767
517659
517659
517718
517983
518230
518318
518363
518364
518403
518455
518474
518483
518570
518521
518591
518635
518733
518870
519035
519068
519260
519348
519376
519436
519448
519489
519503
519638
519862
519986
519987
520128
520101
520169
520142
520277
520500
520726
520533
520758
520765
520806
520935
520974
520994
521266
521271
521326
521567
521853
522146
521706
522156
522163
522356
522387
522439
522473
522509
522679
522528
522947
523051
523041
523052
523274
523359
523315
523502
523626
523610
523738
523900
524010
524146
524259
524452
524735
524496
524771
524875
524961
525093
525072
525099
525146
525270
525153
525371
525485
525504
525677
525706
525734
525924
526003
526136
526182
526272
526307
526338
526544
526725
526771
526800
526880
526972
527147
527284
527437
527608
527630
527720
527733
527753
527919
527900
528102
528209
528346
528673
528739
528760
528975
529062
529110
529143
529153
529417
529706
529727
529752
529929
530373
530098
530472
530528
530581
530612
530628
530643
530640
530689
530930
531006
531316
531369
531583
531697
531755
531947
531986
531993
531992
532035
532121
532206
532553
532794
532974
533112
533128
533177
533415
533188
533461
533660
534067
533856
534126
534201
534443
534478
534586
534617
534704
534737
534751
534972
535122
535497
535741
535905
535986
536002
536050
536309
536236
536642
536463
536939
536820
536958
536995
537012
537150
537168
537424
537463
537658
537851
537864
538065
538317
538546
538703
538888
538959
539175
539049
539414
539445
539653
539659
539787
539879
540151
540202
540475
540509
540552
540555
540590
540782
540818
540922
541102
541115
541289
541391
541440
541545
541579
541654
541787
541904
542041
541939
542039
542122
542160
542251
542410
542489
542563
542615
542673
542678
542693
542734
542874
543081
543108
543187
543262
543263
543290
543475
543893
544163
544421
544650
544676
544825
544847
545171
545195
545199
545270
545358
545430
545420
545497
545660
545849
545719
545868
545884
545992
546152
546256
546387
546522
546522
546666
546684
546824
546848
546960
547165
547315
547352
547463
547356
547465
548011
547811
548014
548128
548182
548166
548291
548296
548362
548489
548542
548784
548818
548834
548883
549180
548930
549348
549381
549468
549525
549639
549587
550154
550217
550265
550544
550313
551036
551033
551143
551243
551337
551494
551615
551649
551731
551896
551919
551980
552019
552180
552506
552627
552643
553013
553044
553140
553137
553153
553238
553270
553334
553340
553339
553361
553503
553599
553823
553733
553886
553983
554066
554170
554216
554178
554189
554222
554223
554256
554270
554391
554466
554476
554928
555085
555097
555058
555149
555273
555297
555345
555500
555550
555629
556016
555673
556120
556317
556590
556607
556773
556832
557102
557171
557265
557334
557659
557360
557702
557806
557912
557967
558022
558068
558138
558121
558225
558274
558986
559251
559014
559300
559309
559365
559495
559523
559647
559663
559698
559934
560328
560128
560735
560922
561182
561214
561366
561650
561590
561711
561718
561749
561793
561956
562052
562298
562395
562466
562572
562603
562690
562729
563115
562873
563141
563268
563353
563354
563560
563576
563682
563695
563708
563725
564153
564159
564294
564421
564599
564599
564678
564786
564875
564967
565282
565115
565380
565428
565517
565581
565581
565586
565659
565687
565700
565773
565711
565799
565876
566003
566024
566161
566251
566331
566364
566480
566896
566911
567130
567153
567330
567342
567387
567575
567629
567631
567647
567718
567729
568001
568041
568157
568331
568496
569120
569130
569161
569409
569783
570027
570074
570125
570233
570446
570347
570585
570700
570886
570908
570995
570955
571184
571320
571360
571647
571985
572075
572303
572260
572311
572407
572486
572534
572655
572737
572876
572994
573000
573137
573052
573405
573769
573973
573988
574011
574049
574090
574094
574121
574144
574200
574393
574532
574541
574590
574593
574758
574785
574961
575035
575424
575478
575545
575825
575680
576151
576238
576664
576843
577111
577262
577413
577455
577465
577606
577905
577616
577932
578046
578056
578133
578305
578377
578385
578403
578674
578550
578681
578738
578784
578792
578897
579183
579411
579421
579457
579475
579550
579795
579807
579842
579981
580092
580038
580166
580235
580278
580438
580543
580565
580785
580970
580804
581048
581097
581328
581361
581719
581743
581913
581934
582429
582142
582595
582692
582739
582783
582864
582840
582972
583003
583038
583143
583320
583550
583678
583691
583849
583854
584004
583927
584116
584213
584227
584285
584404
584463
584746
584934
585185
585369
585543
585645
585675
585737
585755
585775
585830
586106
586111
586127
586245
586198
586276
586380
586393
586463
586644
586642
586730
586739
586758
586854
586775
586857
586874
587119
587294
587542
587676
587684
587701
587704
587718
587817
588002
588071
588299
588324
588360
588384
588426
588440
588571
588595
588872
588930
588961
588968
589361
589189
589507
589570
589579
589607
589837
590056
590113
590337
590439
590849
590762
590954
590962
591434
592330
591701
592349
592562
592682
592748
592848
592967
593300
593263
593680
593688
593755
593840
593932
594224
594084
594591
594727
594794
594857
594911
595004
595025
595053
595298
595370
595392
595430
595856
595497
595862
595936
595932
596073
595955
596126
596201
596249
596502
596292
596540
596766
596807
596841
596853
597013
597082
597096
597209
597375
597215
597686
597683
597810
597861
597946
598154
598286
598567
598607
598614
598891
598695
599006
599018
599105
599287
599286
599305
599372
599361
599591
599512
599703
599762
599816
599946
599984
600178
600282
600485
600842
600959
601139
601198
601378
601533
601562
601713
601782
601731
601906
601975
602059
602121
602400
602423
602638
602672
602678
602734
602942
602858
603012
603238
603335
603590
603883
603964
604224
603976
604531
604583
604928
605030
605037
605094
605411
605947
606086
606106
606673
606180
606705
606749
607089
607025
607245
607292
607452
607446
607551
607730
607592
608129
608186
608431
608836
608898
608895
608965
608931
609307
609002
609512
609534
609552
609630
609658
609966
609880
610022
610182
610194
610776
610484
610523
610502
611110
611140
611217
611286
611341
611386
611418
611437
611611
611492
611684
611702
611787
611840
611865
612315
612197
612367
612438
612761
612830
612918
612945
612950
613633
613676
613804
613983
614005
614040
614167
614098
614218
614212
614374
614233
614570
614599
614713
614760
614988
615116
615054
615275
615350
615405
615409
615457
615595
615641
615929
616168
616268
616312
616825
616457
616853
616961
616966
617003
617008
617176
617409
617499
617577
617585
617788
617814
617895
618174
617964
618591
618919
618694
619140
619202
619432
619466
619532
619585
619821
619873
619954
620028
620092
620124
620139
620162
620178
620331
620466
620594
620625
620670
620706
620708
620718
620758
621072
621102
621186
621160
621187
621219
621236
621250
621307
621448
621511
621667
621929
621950
622106
621958
622155
622288
622294
622481
622591
622572
622651
623048
622742
623208
623246
623327
623450
623802
623641
623815
623851
623998
623870
624042
624288
624341
624395
624586
624748
624796
624893
625001
625074
625139
625144
625147
625269
625284
625597
625622
625698
625893
625993
626024
626231
626300
626423
626457
626571
626676
626808
626853
626900
626930
626951
626963
627165
627290
627449
627475
627485
627549
627576
627802
627819
628001
628329
628625
628465
628813
628815
628830
628834
628887
629161
629170
629278
629392
629745
629899
630029
630127
630345
630407
630410
630593
630785
630901
630913
631118
631248
631256
631403
631503
631860
632218
631967
632511
632643
632887
633033
633366
634010
633539
634206
634049
634249
634416
634443
634417
634600
634444
634453
634744
635188
635355
635607
635311
635654
635693
635697
635851
635914
636155
636242
636254
636329
636285
636336
636744
636781
637000
637076
637129
637450
637266
637517
637562
637673
637684
637715
637691
638133
638266
638350
638466
638514
638606
638799
638802
639206
638904
639213
639440
639639
639662
639696
639831
639833
639841
639842
639907
639979
640065
640175
640197
640457
640495
640602
640712
640804
640880
640950
641179
641216
641220
641353
641515
641737
641771
641961
641979
641987
642159
642264
642307
642497
642568
642740
643048
643063
643103
643541
643791
643834
643883
643966
644139
644535
644267
644695
644618
644907
645053
645231
645248
645261
645338
645576
645590
645595
645632
645680
645834
645845
645903
645913
646034
646195
646200
646365
646447
646524
646473
646607
646774
646870
646821
646953
647058
647164
647171
647481
647256
647518
647634
647643
647709
647733
647794
647955
648058
648196
648300
648332
648389
648398
648623
648803
648840
648862
648865
648964
648991
649024
649042
649194
649273
649348
649360
649542
649799
650182
650194
650220
650297
650310
650527
650594
650600
650621
650766
650696
650798
650857
651364
651479
651546
651785
652250
651997
652339
652446
652493
652542
652548
652686
652713
652714
652768
652855
652872
652910
652910
653142
653166
653171
653380
653414
653610
653444
653620
653852
653930
654164
654203
654260
654282
654290
654320
654406
654633
654740
654872
654903
654969
655033
655099
655112
655266
655310
655486
655423
655856
655866
655954
656090
656122
656148
656204
656260
656724
656958
656971
657172
657486
657605
657655
657826
657879
657952
657996
658100
658056
658106
658282
658502
658529
658963
659117
658986
659277
659312
659321
659383
659422
659482
659511
659536
659626
659804
659866
660059
659912
660103
660316
660377
660624
660912
661159
660942
661176
661178
661214
661356
661529
661553
661574
661723
662000
662130
662224
662247
662314
662353
662398
662487
662475
662500
662608
662704
662817
662848
663000
663057
663092
663157
663207
663227
663259
663461
663583
663585
663718
663729
663761
663769
663793
664154
663842
664227
664241
664256
664457
664457
664668
664701
664804
664824
665245
665275
665303
665598
665639
665681
665689
665765
665805
665965
665978
666194
666249
666363
666309
666477
666713
667252
666725
667324
667493
667604
667804
667622
667850
667899
667894
668178
668193
668294
668360
668541
668655
668662
668697
668703
668810
668814
668855
669023
669056
669210
669071
669265
669240
669386
669399
669495
669832
669853
669984
670065
670218
670285
670268
670390
670757
670629
670718
670915
670922
670988
671078
671110
671199
671224
671312
671408
671521
671614
671847
672103
672224
672266
672277
672290
672378
672297
672394
672399
672638
672621
672771
672851
672974
672993
673038
673178
673185
673201
673391
673597
673712
673697
673739
673777
674078
674222
674288
674386
674410
674317
674525
674572
674652
674711
674821
674920
674953
675036
675109
675380
675477
675573
675778
675788
675812
675881
675987
676133
676247
676383
676450
676454
676502
676570
676725
677162
676957
677230
677234
677323
677459
677463
677732
677738
677907
677908
677944
678042
678302
678661
678778
678874
678954
679002
679210
679125
679220
679254
679410
679498
679781
680049
680005
680063
680074
680555
680643
680810
680852
680898
681290
681367
681433
681479
681940
682179
681586
682676
682842
683075
683172
683199
683346
683442
683450
683463
683464
683508
683620
683626
683758
684086
684199
684335
684477
684534
684571
684699
684770
684785
684959
685378
685165
685439
685569
685632
685681
685701
685757
685841
685770
685849
686139
686155
686381
686470
686864
686945
686950
686992
687088
687205
687308
687401
687448
687489
687493
687537
687682
687865
687869
687893
687950
688072
688248
688319
688335
688526
688766
688686
688907
689025
689022
689148
689234
689333
689268
689426
689575
689687
689683
689826
689943
689946
689985
690108
690205
690286
690580
690913
690796
691006
690958
691087
691089
691128
691135
691138
691250
691380
691315
691451
691457
691523
691606
691618
691766
691837
691852
692286
692002
692331
692628
692780
692781
692854
692886
692888
693003
692923
693020
693069
693172
693487
693677
693728
693863
693745
694028
694099
694291
694308
694362
694455
694543
694557
694621
694584
694633
694964
695000
695022
694975
695365
695517
695996
696110
696160
696196
696321
696309
696358
696418
696420
696532
696590
696714
696827
697278
697313
697356
697334
697382
697410
697490
697591
697757
697791
698027
698065
698259
698455
698478
698647
698775
698659
698920
699112
698976
699370
699407
699401
699456
699479
699499
699549
699678
699733
699987
699823
700019
700067
700138
700291
700488
700658
700741
700839
700869
700994
701294
701294
701424
701504
701579
701753
701867
701895
701938
701996
702260
702328
702363
702380
702527
702601
702691
702829
702848
702972
703183
703195
703320
703345
703642
703767
703905
703916
704329
704357
704450
704466
704626
704844
705087
705246
705442
705498
705519
705626
705666
705793
705971
706055
706076
706193
706280
706405
706460
706480
706598
706800
706773
707054
707242
707097
707345
707561
707486
707567
708098
708115
708188
708232
708255
708524
708596
708668
708600
708756
708808
708916
709692
709709
710026
709951
710157
710126
710164
710249
710266
710399
710572
711053
711264
710693
711353
711326
711657
711725
711746
711830
711839
711842
712053
712152
712161
712170
712181
712235
712387
712425
712799
712757
712910
712850
713025
713077
713492
713702
713929
713950
713977
714068
714076
714275
714120
714339
714394
714540
714568
714580
714756
714659
714934
714965
715080
715347
715379
715469
715486
715683
715704
715729
715748
715767
715801
716091
716136
716155
716222
716341
716451
716616
716676
716718
717144
717150
717348
717414
717418
717435
717637
717707
717854
717900
718016
718046
718054
718282
718331
718335
718337
718520
718583
718789
719011
719181
719186
719227
719264
719590
719612
719624
719654
719760
719946
719816
719972
720141
720186
720312
720316
720433
720368
720475
720771
720620
720997
720786
720942
721020
721141
721339
721502
721668
721880
721959
721894
721988
722053
722056
722082
722147
722090
722187
722276
722483
722611
722898
722710
722858
722921
722924
722955
723018
723287
723318
723326
723497
723539
723638
723720
723830
724092
724178
724265
724307
724334
724492
724483
724617
724660
724666
724684
724792
724942
725131
725294
725411
725686
725713
725715
726046
726046
726101
726196
726232
726358
726445
726832
726894
726854
726945
727212
727226
727292
727691
727494
727786
727921
727948
727973
728028
728071
728190
728210
728349
728410
728466
728431
728667
728834
729053
729225
729310
729312
729359
729437
729607
729730
729798
729732
729841
729859
729943
730081
730333
730487
730585
730733
730592
730815
730900
731129
731146
731429
731490
731528
731575
731650
731601
731657
731701
731990
732136
732568
732995
733186
733259
733274
733315
733367
733379
733426
733426
733474
733513
733604
733763
733773
733992
734022
734188
734684
734332
734765
734770
734813
734834
734876
735110
735308
735375
735408
735408
735514
735523
735610
735629
736031
736069
736089
736159
736450
736993
737010
737105
737222
737314
737356
737621
737878
737863
737886
737991
738027
738036
738126
738246
738250
738457
738546
738769
738851
738938
739161
739201
739398
739435
739472
739791
739816
739850
739990
740025
740063
740263
740082
740325
740509
740515
740534
740543
740728
740797
740930
741112
741241
741395
741445
741492
741524
741588
741643
741827
741861
741953
742139
742250
742311
742311
742315
742342
742462
742603
742775
742785
743096
742793
743279
743326
743489
743663
743735
743861
743965
744157
744044
744186
744191
744427
744283
744471
745166
745201
745534
745682
745730
746062
746084
746147
746234
746307
746440
746553
746584
746736
747168
747327
747381
747519
747422
747539
747641
747664
747884
747903
747968
748218
748203
748264
748453
748517
748525
748556
748563
748580
748709
749036
749086
749198
749191
749466
749484
749521
749653
749717
749722
749794
749957
749839
750045
750091
750091
750141
750184
750353
750441
750477
750505
750535
750728
750908
750948
751088
751449
751461
751574
751663
751867
751930
751993
752170
752245
752563
752625
752709
752763
752810
752902
752944
752993
753100
753232
753255
753508
753575
753597
753629
753701
753704
753939
753998
754057
754065
754096
754213
754244
754810
754456
755145
755262
755370
755427
755455
755456
755598
755742
755789
755942
756046
756072
756112
756283
756293
756300
757177
756742
757252
757317
757322
757506
757602
757627
757766
757901
757925
758017
758125
758203
758291
758324
758323
758408
758455
758474
758575
758660
758855
758978
758934
758968
759010
759072
759117
759130
759147
759276
759518
759390
759648
759658
759786
759850
760169
760248
760530
760593
760710
760793
760919
761316
761344
761406
761535
761585
761803
761868
761921
761963
761988
762300
762312
762343
762382
762391
762490
762650
762775
762828
762878
762898
762915
763001
763093
763149
763283
763442
763444
763521
763531
763646
763789
763896
763930
764022
763995
764034
764218
764270
764093
764306
764382
764316
764417
764451
764565
764585
764615
764768
764893
764953
764975
765025
765270
765288
765421
765490
765505
765547
765936
765902
765952
765965
765971
765981
766022
766098
766286
766260
766402
766453
766476
766499
766587
766598
766715
766899
766911
766927
767074
767140
767114
767158
767202
767203
767242
767203
767421
767430
767497
767515
767517
767522
767552
767627
767685
767816
767899
767911
768395
768088
768415
768842
768847
768876
768876
768985
769035
769654
769711
769732
769714
769835
769873
770008
770093
770110
770253
770274
770350
770364
770402
770446
770482
770575
770611
770692
770754
770769
770802
771185
771502
771619
771697
771731
771721
771896
772070
772128
772177
772335
772437
772459
772572
772575
772651
772847
772943
773033
773185
773528
773516
773573
773557
773591
773648
773794
773963
774054
774160
774181
774289
774293
774375
774436
774535
774474
774605
774792
775018
775038
775219
775319
775424
775491
775522
775922
776064
776199
776095
776515
776797
776548
776807
776821
776963
776974
777146
777003
777155
777232
777312
777337
777490
777509
777780
777604
777976
778085
778107
778085
778127
778423
778375
778424
778624
778634
778814
778816
778828
778903
778951
779136
779311
779483
779491
779505
779644
779750
779800
779854
779870
779905
780110
780263
780473
780475
780553
780644
780695
780740
780760
780831
780940
780946
781110
781132
781229
781286
781427
781486
781751
781729
781826
781915
781924
781920
782111
782222
782488
782489
782504
782509
782556
782575
782575
782579
782591
782684
782736
782777
782885
782905
783062
783206
783230
783442
783592
783502
783893
783805
783896
783940
783924
783949
783963
784005
784114
784192
784320
784444
784743
784789
784820
784937
784940
785016
785055
785225
785253
785294
785333
785346
785377
785430
785471
785545
785570
786068
785827
786174
786214
786227
786241
786292
786655
786751
786821
787057
787123
787207
787191
787218
787309
787387
787566
787445
787571
787616
787698
787710
787859
787742
788109
788479
788124
788577
788662
788676
788787
788826
788874
788889
788939
789085
789320
789445
789558
789683
789809
789816
789839
789900
790049
790124
790150
790272
790293
790679
790721
790726
790984
791201
791247
791295
791299
791339
791397
791484
791584
791830
791611
792053
792209
792297
792455
792477
792692
792757
792859
792916
793172
793202
793224
793299
793311
793398
793564
793570
793592
793607
793780
793715
793922
794066
794284
794416
794471
794563
794580
794701
794804
795122
794827
795147
795177
795352
795550
795658
795691
795765
795946
796251
796312
796393
796551
796545
796663
796725
796788
796889
797000
797287
797221
797369
797566
797668
797672
797775
797799
798006
797902
797963
798489
798482
798529
798850
799018
799091
799122
799150
799199
799247
799380
799613
799726
799857
799858
799900
800246
800102
800300
800642
800742
801216
801274
801412
801459
801461
801536
801562
801588
801631
801639
801789
801812
801878
801901
802060
802060
802128
802313
802356
802401
802568
802773
802819
802918
803029
803030
803200
803042
803214
803231
803369
803295
803371
803592
803748
803686
803786
803885
804160
804353
804402
804493
804688
804569
804688
804705
804744
804869
805041
805214
805273
805546
805463
805283
805593
805633
805652
805669
805676
806060
806205
806297
806354
806435
806451
806527
806567
806645
806607
806759
806801
806884
806911
807011
806934
807114
807142
807147
807240
807268
807483
808218
807612
808233
808239
808442
808445
808570
808708
808838
808864
809096
809116
809479
809683
809819
809852
809871
809881
809873
809961
810044
810331
810443
810599
810712
810801
810899
810906
811034
811060
811135
811297
811648
811784
811909
811482
812135
812222
812228
812297
812605
812618
812611
812744
813082
812745
813220
813349
813402
813412
813416
813556
813763
814015
814068
814074
814128
814245
814278
814366
814413
814483
814637
814932
814988
814989
815037
815554
815105
815142
815277
815646
815747
815755
815969
816038
816137
816261
816325
816341
816457
816356
816567
816596
816644
816737
816890
817062
817396
817488
817593
817703
817593
817881
817961
818024
818115
818181
818273
818317
818372
818412
818458
818756
818466
819222
819333
819371
819379
819487
819534
819554
819727
819764
820114
820245
820256
820284
820400
820522
820600
820693
820787
820829
820951
821024
821041
821090
821343
821382
821419
821769
821868
821869
822020
822219
822290
822342
822363
823152
822855
823080
823258
823273
823415
823426
823572
823604
823599
823630
823687
823764
823878
823912
823928
823968
824045
824203
824315
824348
824409
824531
824698
824754
824771
824819
824890
825321
825370
825377
825398
825471
825495
825529
826285
826335
826531
826827
826938
826875
827193
827226
827575
827644
827762
827897
827917
828119
828155
828159
828307
828368
828375
828492
828507
828757
828982
829045
829068
829134
829109
829259
829264
829441
829541
829560
829706
829821
830106
830238
830260
830154
830352
830589
830621
830601
830728
830781
830850
830893
830953
831075
831117
831137
831211
831423
831454
831581
831599
831879
831915
832168
832429
832366
832569
832494
832577
832800
832814
832839
832980
833025
833065
833098
833126
833270
833406
833443
833675
833697
833760
833825
833921
833947
834124
834617
834693
834820
834758
834840
834921
835046
835085
835390
835427
835451
835658
835699
835462
835761
835800
835892
835983
836173
836224
836266
836405
836509
836675
836867
836874
836925
837014
837052
837209
837703
837766
837814
837831
837872
837835
838095
838150
838334
838364
838444
838493
838512
838526
838592
838811
838832
838957
839113
839402
839419
839539
839543
840011
840071
840276
840324
840418
840362
840521
840700
840722
840738
840749
840982
840983
841023
841066
841084
841109
841122
841228
841280
841418
841482
841488
841534
841564
841589
841841
841765
842020
842026
842044
842120
842156
842265
842192
842407
842488
842445
842525
842544
842755
842780
842890
843318
843359
843385
843431
843567
843579
843583
843669
843710
843762
843770
843815
843910
844237
844339
844761
844761
844859
844920
844925
844935
845181
845206
845519
845569
845847
845582
845855
846009
846050
846071
846267
846209
846353
846466
846893
846696
846976
847004
847022
847246
847253
847396
847537
847619
847755
847823
847904
848129
848848
848895
848954
849015
849199
849301
849340
849669
849383
849910
850572
850491
850615
850711
851031
851042
851220
851348
851394
851456
851463
851541
851586
851593
851691
851855
851940
852046
852055
852106
852148
852285
852334
852339
852425
852751
852929
852983
853439
853489
853767
853783
853812
853852
854072
853854
854099
854209
854222
854641
854759
854806
854816
854873
854913
855214
855219
855266
855343
855391
855511
855509
855569
855636
855770
855801
855834
855879
856158
856179
856260
856605
856660
857074
856937
857291
857196
857379
857439
857686
857743
857757
857893
857775
857993
858085
858021
858153
858446
858480
858728
858832
858802
859091
859145
859225
859276
859278
859312
859407
859547
859627
859648
859727
859765
859768
859803
859909
859934
860289
860371
860693
860850
860908
860984
861040
861053
861161
861318
861464
861784
861874
861961
861952
861981
862075
862088
862260
862623
862292
862693
862697
862889
863045
862942
863046
863068
863221
863296
863392
863468
863546
863667
863990
864019
864076
864066
864185
864192
864479
864491
864618
864666
864783
864762
864831
865031
865042
865117
865119
865175
865835
866078
866095
866096
866117
866246
866262
866519
866700
866869
866975
867034
867045
867228
867293
867317
867625
867650
867753
868050
868349
868399
868434
868592
868608
868737
869009
869060
869119
869230
869297
869568
869631
869632
869907
869914
869933
870094
870103
870410
870634
870811
870892
870940
871065
871083
871128
871353
871462
871464
871705
871772
871612
871904
872223
872097
872346
872265
872417
872419
872454
872516
872677
872535
873073
873142
873400
873668
873723
873746
873837
873927
874191
874236
874266
874360
874280
874411
874363
874436
874614
874641
874759
874692
874808
874852
874888
874946
874950
874958
874979
875162
875165
875439
875483
875673
875718
875770
875784
875853
875906
876020
876194
876231
876343
876539
876736
876817
877033
877079
877100
877207
877356
877389
877445
877490
877508
877624
877739
878311
877964
878313
878491
878524
878565
878873
878909
878977
879143
879200
879216
879412
879478
879513
879548
879600
879710
879747
880107
880116
880158
880360
880558
880839
880971
881168
881207
881232
881265
881371
881430
881459
881572
881625
881836
881782
881892
881953
882011
882021
882057
882409
882236
882469
882422
882518
882616
882724
882769
882822
882933
882949
883007
883093
883122
883354
883322
883126
883415
883499
883503
883635
883596
883736
883880
883931
883965
884028
884170
884202
884583
884392
884439
884642
884762
884771
884817
885089
885127
885163
885233
885245
885448
885607
885835
886027
886088
886144
886162
886276
886315
886323
886427
886432
886518
886556
886641
886789
887522
887095
887743
887824
887837
887934
887877
888033
888161
888225
888259
888427
888460
888774
888849
888918
888982
888999
889050
889065
889091
889130
889259
889571
889413
889595
889726
889851
889808
889939
889954
890156
890196
890338
890601
890664
890868
890706
890958
890971
891061
891132
891293
891318
891327
891467
891602
891668
891867
891912
891962
891986
892161
892090
892231
892178
892257
892277
892406
892794
892958
892859
893087
893192
893411
893563
893578
893809
893828
893895
893896
894048
894057
894116
894209
894436
894778
894796
895086
895137
895301
895365
895454
895456
895522
895682
895865
895910
896135
896173
896185
896472
896245
896591
896529
896750
896980
897005
897014
897036
897067
897299
897236
897374
897339
897434
897477
897489
897557
897680
897729
897827
897885
898003
898004
898287
898362
898530
898535
898695
898953
899210
898804
899240
899294
899377
899470
899564
899566
899618
899632
899705
899735
899822
900011
900377
900404
900440
900440
900455
900901
900946
901022
901042
901081
901155
901321
901470
901498
901510
901514
901542
901624
901882
901858
902248
902252
902305
902363
902422
902426
902586
902724
902951
903064
903096
903207
903300
903301
903433
904035
904201
904300
903664
904310
904344
904385
904555
904596
904646
904673
904743
904869
904926
905076
905143
905343
905354
905454
905495
905592
905717
905597
905738
905986
906005
906164
906188
906357
906459
906501
906588
906627
906734
907177
907008
907248
907385
907482
907500
907511
907534
907554
907668
907747
907805
908100
908175
908242
908424
908419
908595
908711
908884
909051
908948
909124
909136
909222
909313
909570
909606
909678
909790
909802
909825
909825
910041
910065
910228
910302
910664
910814
911012
911032
911108
911238
911173
911392
911457
911658
911678
911762
911787
911974
912610
912755
912772
912894
913005
913011
913044
913113
913140
913195
913178
913201
913328
913595
913825
913735
913894
913792
913939
914370
914387
914473
914721
914887
915039
914805
915087
915176
915233
915250
915259
915285
915317
915323
915379
915451
915479
915485
915539
915764
915853
915941
915962
916172
916300
916415
916643
916477
916926
916996
917019
917114
917127
917185
917414
917442
917449
917608
917785
917821
917828
917869
918117
918155
918164
918314
918342
918342
918360
918366
918366
918397
918415
918417
918563
918962
918734
918982
919168
919174
919189
919390
920076
920114
920144
920197
920279
920313
920355
920369
920392
920621
920664
920737
920777
920738
921046
921195
921509
921533
921715
921714
921784
921834
922043
922134
922194
922163
922365
922382
922384
922450
922471
922598
922568
922786
922850
923081
923089
923124
923461
923749
923634
923790
923864
923943
923956
924056
924187
924159
924278
924301
924404
924313
924756
924731
924842
924923
924953
925272
925443
925595
925634
925576
925748
925816
925889
925892
926223
926419
926654
926686
926701
926855
926918
926887
926927
926984
927277
927322
927351
927356
927644
927667
928422
928447
928603
928605
928735
928894
928819
929083
929160
929336
929363
929385
929506
929503
929671
929763
929634
929829
929929
929922
930062
930061
930118
930170
930182
930222
930843
930982
931077
931349
931319
931366
931449
931627
931729
931910
932002
932052
932132
932372
932381
932390
932545
932720
932767
932834
932925
932994
933297
933018
933342
933325
933596
933615
933637
934072
934155
934166
934190
934280
934327
934418
934631
934708
935053
935063
935086
935167
935251
935517
935341
935410
935783
935884
935950
936149
936176
936179
936312
936331
936349
936619
936779
936824
936874
936850
936890
937136
937248
937342
937760
937881
937888
937919
938013
938031
938046
938070
938219
938333
938454
938392
938540
938652
938669
938877
939106
939178
939217
939228
939334
939366
939409
939527
939733
939652
939829
940055
940165
940214
940253
940295
940458
940660
940670
940893
940898
940911
940956
940957
940960
941013
941293
941262
941349
941355
941576
941733
941652
941770
941864
941879
942132
942150
942279
942464
942662
942891
943020
943304
943452
943497
943639
943730
943866
943788
943978
944123
944429
944565
944686
944952
945369
945452
945510
945666
945886
946040
946073
946463
946540
946552
946796
946903
947307
947406
947424
947483
947616
947682
947848
947850
948188
948272
948290
948417
948607
948702
948790
948853
948922
948945
949027
949135
949169
949240
949362
949596
950132
950142
950162
950200
950200
950205
950380
950412
950440
950519
950562
950608
950821
950822
950912
950917
951024
950976
951036
951100
951342
951626
951819
951730
951861
951872
951887
951927
951981
952254
952420
952476
952665
952791
952833
952936
953087
953378
953199
953557
953613
953811
953849
953869
953906
953973
953940
953988
954248
954078
954331
954559
954878
955018
955019
955178
955217
955234
955251
955383
955339
955577
955629
955723
955930
956032
956098
956215
956160
956372
956375
956491
956573
956589
956628
956669
956660
956833
957036
957227
957494
957604
957621
957808
958115
958351
958360
958379
958406
958414
958416
958433
958482
958566
958612
959103
959126
959145
959369
959455
959471
959551
959600
959684
959721
959751
959873
959781
959992
960035
960020
960047
960170
960248
960336
960370
960413
960440
960454
960491
960502
960541
960614
960661
960666
960672
960674
960718
960952
961126
961137
961209
961215
961297
961491
961521
961627
961810
961844
961866
961869
961914
961978
962035
962069
962302
962322
962348
962343
962357
962420
962459
962466
962480
962513
962666
962695
962858
962920
962995
963055
963058
963133
963145
963166
963381
963588
963733
963968
964002
964009
964206
964370
964472
964506
964577
964888
964978
965090
965321
965215
965491
965594
965492
965613
965626
965642
965929
965958
965993
966276
966633
966729
966757
966966
967019
967087
967098
967283
967098
967342
967348
967412
967466
967440
967496
967650
967681
967688
967727
967986
968096
968208
968223
968434
968390
968481
968593
968735
968875
968914
968914
968963
968974
969059
969088
969148
969393
969519
969429
969537
969544
969740
969750
969798
970401
970490
970749
970865
971055
971084
971085
971373
971380
971577
972025
971818
972027
972057
972116
972148
972162
972169
972270
972378
972455
972488
972521
972542
972544
972624
972678
972746
972758
972778
972828
973011
973066
973191
973287
973407
973761
973881
974056
974063
974140
974373
974202
974657
974380
974784
974785
975276
975511
975536
975652
975810
975828
975877
975970
976004
976029
976071
976075
976170
976265
976293
976466
976690
976624
976753
977083
977173
977183
977333
977391
977535
977568
977570
977657
977987
977845
977985
978065
978113
978274
978317
978470
978543
978598
978626
978639
978820
978760
979007
979092
979139
979203
979243
979265
979465
979301
979519
979665
980168
979975
980016
980226
980427
980503
980572
980608
981013
980802
981047
981082
981251
981345
981498
981653
981667
981676
981813
981845
981833
981982
982078
982091
982094
982177
982240
982685
982434
982809
982974
982719
983071
983019
983097
983188
983295
983237
983335
983398
983526
983633
983873
984012
984179
984208
984449
984622
984682
984715
984721
985182
984811
985044
984893
985235
985455
985618
985635
985695
985742
986063
986189
986191
986242
986256
986349
986399
986457
986481
986699
986774
986942
986990
987040
987089
987245
987384
987388
987506
987621
987683
987739
987756
987960
988224
988250
988262
988396
988536
988690
988709
988791
988796
988897
988917
988980
989136
989342
989166
989487
989521
989517
989584
989751
989833
989894
989930
989947
990128
990276
990330
990571
990691
990734
990814
991059
991072
991094
991425
991940
991475
992009
992184
992094
992330
992363
992417
992543
992700
992716
993234
993304
993377
993396
993407
993499
993426
993550
993612
993802
993626
993934
994462
994203
994473
994487
994742
994534
994745
994988
994899
995011
995220
995221
995324
995563
995671
995578
995831
996106
996286
996491
996477
996520
996617
996678
996913
996888
997221
997226
997156
997379
997488
997492
997767
997913
997829
998381
998165
998242
998427
998444
998608
998615
998825
998749
998881
998948
999129
999207
999493
999845
999852
