235
2230
2391
2668
2760
2939
5886
6779
7110
7229
7514
8540
8885
9562
10057
11909
12774
17222
17248
19062
21024
21816
23306
24114
25126
25182
25282
25501
25517
27251
28120
29379
29729
32094
35674
37313
37709
38593
38916
40024
42562
42891
44116
45316
46236
46845
48831
49022
49536
50367
53535
54983
57051
57851
57940
59003
60253
60778
62205
64137
66766
67046
69162
69402
70185
72791
72933
73258
73773
73953
75067
81342
82957
84193
86232
86468
87535
88226
88632
89415
90477
90531
91030
94514
95251
95462
96414
96427
97373
101101
101255
102364
104926
105543
106418
107001
108502
108929
109154
111354
115119
115370
116806
118531
119895
120771
123435
124661
125077
125594
126634
126934
130324
130832
130903
132505
133396
133847
135900
136468
137447
138362
138817
139460
139675
140225
142099
143865
144439
145544
147005
148802
149483
150460
151032
151653
151760
152172
152692
152967
153596
153637
154199
155107
155243
156328
156489
159344
161102
161158
165569
166903
167139
167292
170720
172194
172828
173462
173532
174039
179205
179536
180481
182028
182228
182259
184535
185780
185830
185868
186231
186740
189076
189691
190852
191563
193007
193014
193359
194013
195129
197081
198207
199071
202607
203917
204453
204471
204532
206560
206765
207018
207025
207384
207508
209223
210398
210637
211145
213420
213558
215106
215846
215975
216633
218466
219317
219353
219477
221072
225129
225974
226890
227615
227851
227975
228043
229587
231495
232051
232529
234850
235305
236455
236671
236776
237576
237576
239034
240028
240582
241335
241897
243468
244063
244646
248301
249355
250772
251225
252127
255272
255583
256083
256348
257030
259248
259310
260014
260284
260933
262276
263082
265855
265935
267209
268302
268376
270632
270831
272023
272659
273175
274072
275107
277346
279177
280588
280636
281814
282857
283334
284824
285071
285904
286966
287472
288936
290390
291150
292374
292728
293772
293951
294496
296322
296586
297618
298196
298682
299420
299817
300619
300772
302374
302551
302621
306171
306869
307806
308101
309746
311260
312839
313045
313205
314673
316769
318460
318571
319718
319956
320445
320611
321483
321536
322518
323077
323346
324606
325002
328332
328627
329253
330421
330917
331432
332499
334694
335513
335935
336039
336367
337449
337846
338726
339449
339643
339824
342466
345888
348610
348878
348938
349618
350688
351755
352062
352556
352605
353163
353210
354034
354612
356416
356473
359386
359425
360190
360861
361720
365020
365600
367458
369042
370509
370735
371409
372268
372905
374004
375127
375128
382914
384079
384468
385199
387966
388921
390041
391814
392316
396048
397445
397940
398103
398351
399556
401191
401719
404739
405768
408650
408748
410990
411520
415509
419476
421757
421951
422176
422259
423232
425406
425538
429117
429369
430016
430585
430858
432036
432637
434539
434585
434916
434990
436200
437057
437155
437424
437447
437836
438869
439398
439508
441265
442561
443766
445275
446539
446587
446621
446661
447069
447072
448034
448701
448724
451415
452165
452234
452459
452931
453010
453220
454211
454613
455549
456486
457522
458345
458587
458890
459647
460145
461093
462055
462724
462743
465017
465487
465983
466306
466621
468542
468555
468882
469941
471935
474425
475119
476118
476518
478547
479590
480599
483871
485306
486706
488014
488087
489514
490433
491129
492111
494985
495524
497304
497353
497863
498273
498630
499302
501072
501453
502011
502228
502454
503037
503115
503357
504020
504153
504914
505214
505868
506044
509730
510443
511268
514223
514582
514637
515915
518475
518545
520509
520654
521507
521512
523412
523958
524096
524989
526318
526411
526545
528299
530353
530418
533733
535350
535415
536028
537411
537595
539191
540033
540353
543729
547430
549344
549426
551065
552472
552831
553860
554274
554880
554921
555265
558495
559639
561034
561245
561337
561947
562324
562553
563772
564244
564302
564639
565629
566553
567638
567995
568700
570373
571128
574490
575476
576442
577681
578148
580690
584237
584322
584991
585677
588282
589889
590082
592045
594098
594369
594523
595008
598730
600230
600511
601612
603900
603982
604086
604651
605418
605451
606271
606696
608757
610201
610333
613010
613144
613752
614262
615704
617268
617966
620627
620639
621858
622156
623021
623086
623123
626242
626457
626969
628593
628733
629241
629287
629970
632802
632888
633716
635098
635107
636706
638133
638695
639053
639439
640154
640331
640445
640520
640623
641024
641870
643394
643563
644278
644379
645787
647482
647875
650488
651454
652127
652948
654345
656519
657688
657855
658208
658940
662587
664253
665969
665971
668732
669708
671779
672181
672968
673213
673541
674356
674596
677306
678490
679021
679795
680136
682434
684521
684999
686635
687873
688357
688364
688626
689259
689809
690366
690887
690951
698163
698345
700845
701588
703174
704352
706021
706916
707044
708990
709022
709208
709409
710980
711093
711265
711387
712451
713266
714955
715192
716098
717280
718614
719100
719683
721490
722793
724744
727057
727308
727811
728062
729824
731855
732054
732134
732539
733882
736330
736853
737538
737630
738585
738968
739533
740268
741158
741886
742822
743105
743442
743955
744287
745151
745467
745777
746597
747606
748326
748929
749617
751535
753099
754426
755744
755939
758524
759008
759085
764861
765376
767214
768179
769176
773835
777568
778059
778269
779140
779501
779880
780660
781050
782829
783562
784026
786508
786796
788733
789219
789829
790279
791424
796368
797010
797838
798160
799762
800008
800123
801740
801874
802596
802768
804212
804984
806555
806718
806910
808823
809775
809924
810368
811853
812011
814388
815038
817581
817674
817790
818651
819960
820178
820513
822063
822927
825409
825828
827498
827519
827725
828454
828497
829206
829566
833860
834905
835138
836265
837263
838651
839245
840714
840928
841531
841766
843092
843680
844574
847267
849346
850598
852845
855397
856007
856135
856646
856745
860105
860114
860298
862078
864852
865157
867322
867668
867755
868722
868907
870093
872635
874043
875046
876710
877787
878748
879020
880448
882365
883079
883859
885082
887233
887735
888244
888341
888720
888895
889675
890447
890873
891064
893086
893130
893559
893693
893780
897252
898462
898524
898820
898992
899696
900338
900370
901069
901334
904452
905933
906079
906319
907391
909142
909573
909779
910989
912810
913699
914688
916296
917051
919827
920563
921652
921801
922596
923175
923789
924475
925858
925943
926039
927750
927959
928314
928995
929043
929746
931188
931918
932664
933196
937259
937474
937485
941690
941781
941801
943196
944199
945194
945234
945616
946309
947681
949220
949567
951463
951958
952222
953891
954100
954239
955384
955547
955967
958857
959817
959911
960907
962156
962215
962391
962960
965522
966513
967461
967506
967848
967979
969619
969746
970043
970970
971599
974048
975451
976179
978565
980195
983606
984071
984112
984182
986288
987374
988056
989121
989706
990338
990889
993628
993793
994623
995015
997265
997431
999339
999955
