2105
2644
2701
4092
4494
6109
6281
6329
6619
8825
9398
11046
11445
12748
13859
14136
14749
14795
16358
17557
19383
19401
19897
23000
23813
24091
28620
29592
29598
30249
31128
31226
31850
31996
32971
33140
33143
33225
33302
33343
33546
33584
33771
34241
35255
36284
36978
38093
39749
40025
40073
40671
41366
42126
43639
44380
47603
48385
50108
51302
52636
53957
54158
54799
55980
56301
56328
57136
57692
58185
59341
63135
63180
63662
63961
65680
66370
66384
67176
67250
67954
68864
69832
70836
71888
72479
73055
73677
76390
76824
79019
79770
81321
81834
82666
82922
84125
84743
86684
88193
88551
91585
91733
93180
94340
94834
95433
96327
99120
99884
100011
100019
100752
103549
103743
103750
104136
105062
105861
106924
107524
109909
110925
114402
115289
115918
118834
119748
120732
121274
121321
122654
124318
125065
125697
128550
128961
129565
129731
129920
130945
133992
135545
135691
136129
136915
137532
139423
141375
141943
141953
142345
142646
144267
145596
146074
146173
146263
146515
147419
148151
148297
148484
151082
152106
152663
152925
157066
157297
158354
159236
159448
159864
160350
160564
160785
162171
164906
165053
166533
167117
170611
171738
172125
172594
173034
179298
181729
182119
183882
185632
185966
186579
186761
186807
188239
188792
189390
191988
194653
196511
198357
198460
199702
200694
202417
202760
202790
204172
208416
208611
209365
209458
212589
213446
215267
216506
216792
216948
217041
218219
219668
220997
224667
225465
225597
226121
227990
228647
228725
229133
229148
231107
231840
232602
232672
235368
237627
238324
238502
238995
239328
239483
240598
240619
242357
242358
242422
242478
243000
243408
246235
247141
249265
249280
250021
251146
251338
251902
252219
253807
254927
257941
258059
258782
261235
261250
261675
263169
264319
264382
264804
264949
265140
267595
268229
269901
270452
270607
270760
271407
271466
273089
273351
273494
273596
273912
275365
275738
276252
277003
277578
277666
278009
278688
279163
279547
280283
280392
280625
281468
283364
284504
284885
287813
287872
288104
288833
290337
290738
290941
293743
294127
297043
297986
299418
299772
301564
302287
302315
302994
303052
304694
304997
305370
306431
306635
307112
308680
310621
314256
315881
317404
317899
318178
318584
318823
319178
319911
322102
322371
322554
323436
325508
326040
328202
328770
328896
332268
332411
332416
333973
334082
334128
335042
335563
336309
337309
337795
338029
338118
338424
339613
339884
341332
344328
345073
347206
347209
348733
350719
351596
351650
351661
352660
353114
353614
354068
354684
355436
356305
356759
357063
357986
358224
361795
361980
364165
365135
368521
369566
370111
370571
372423
372926
373103
375225
375414
375801
377881
378327
379936
380737
381244
381713
382855
383616
384418
384900
386701
386918
388757
389684
393375
394585
396223
397053
398977
400013
400385
400415
402358
405144
406264
406469
407037
407471
408864
409033
409829
409866
410976
411753
413089
417066
417314
420442
421467
427195
428826
429268
430174
432690
435605
435851
436611
436849
439055
440648
440754
441167
443605
446959
448605
450820
451105
451688
453263
453962
454200
454945
454958
456215
456681
457677
459668
459938
460575
461172
461346
462928
463273
463466
466759
467347
468865
469845
471076
472555
473877
474385
476180
476346
477093
477458
477845
477960
478917
482365
484406
484413
484658
485952
486043
488979
489907
490069
490298
490373
490419
491622
492072
492315
493946
494024
495303
495359
496402
497012
498288
499194
500640
502983
503883
504190
504411
505361
508354
509329
510673
510683
513538
513717
514515
515008
515441
515638
516691
516853
518293
518487
519234
519540
519651
519985
520079
520444
521113
521715
524725
525180
526317
526422
526511
527008
527641
527665
528703
529830
530702
530974
532339
532370
532692
532716
533731
534643
535199
535811
538150
538401
539352
540495
540863
542094
542819
543235
544423
545798
546481
546528
546549
548188
549529
549607
553275
554312
554784
554877
555271
555412
556036
556405
557079
557082
557674
559185
559905
561174
561708
563262
563362
564354
564604
564689
567201
567675
567747
568674
569689
569802
569809
572353
572685
574558
574841
575441
575745
577918
578325
578461
579797
579885
580835
582903
583664
584962
585129
585318
587314
588682
589847
590717
592278
592361
592367
592845
593101
594965
595131
598346
598467
598890
599262
599982
600572
600617
601099
601267
601476
601711
604867
605544
606969
610591
613074
613870
614331
617237
619222
619865
620137
621964
623357
623944
624825
626879
628033
629896
629995
631205
631548
631657
632034
635075
635133
635877
636406
642892
643445
644385
646454
646553
648735
648880
649924
651227
651789
652572
652609
656181
657334
658210
658890
659107
660022
661535
661539
661722
663436
663501
664210
665245
665833
666661
667380
668021
669198
671678
672180
673128
673396
675442
676220
676288
677446
678743
679755
680330
680426
682003
682216
682848
683367
684322
685261
685389
688071
688171
688420
690375
691034
692155
693427
694748
695636
696319
698694
699192
699663
703715
703995
704754
705993
706266
707042
707289
707552
707838
709776
711018
711687
712612
712681
712795
712873
713065
715074
715485
715996
716791
716827
717754
720078
720429
720849
721218
722272
724038
724365
724913
725824
726039
726200
726295
728217
729925
730860
731021
732533
732595
733506
734829
735236
735606
736788
736826
738495
739531
740478
740606
740648
741803
743318
743583
743628
744213
745233
745543
746519
746555
750859
750904
751506
751792
752318
753252
754533
754611
756323
760032
763595
763647
764961
769081
769434
773353
773710
777189
777651
779917
784747
785169
785800
789788
789896
790174
791394
792501
793095
794754
795196
795446
801223
801275
802360
802363
803193
803399
803718
807557
809813
811056
811703
812942
812984
813819
815163
815416
817296
818694
819158
819193
819289
819481
820422
821540
822881
824507
824767
825425
826429
826451
826689
828322
828489
831560
832496
833239
834787
836389
838563
839773
843173
843842
846199
846431
846939
847312
848164
848544
849184
850261
850759
851751
855689
857738
857998
860617
860659
860931
861643
862079
864637
865557
865674
866095
867643
868045
869300
871021
871284
871618
871753
871762
873152
873251
873711
874245
879186
880928
881094
885487
885731
887469
887849
888814
889095
890618
890880
891880
893663
894033
895897
895923
896423
897799
897885
898466
898992
899824
901633
903155
904047
904990
908139
908317
910090
910206
910224
911033
911605
911876
912987
912994
915341
915442
918868
922129
922922
923731
923798
924265
924622
925537
925616
929401
929689
934336
934529
934562
935040
936351
936587
938389
940553
940596
941096
943760
944938
945907
946187
949369
951128
951478
952101
952651
953891
954303
957600
959929
961992
963609
964288
964732
965217
966977
967844
969537
971849
973270
973459
973798
974759
976786
979763
981237
984740
985297
986046
986379
986635
986673
986952
988362
988584
989056
990310
992078
994968
