421
917
949
1188
1236
1239
1453
1823
1919
2225
2328
2356
2392
2403
2498
2693
2959
3089
3140
3899
3933
4173
4385
4522
4870
4886
5122
5199
5245
5457
5504
6032
6116
6157
6350
6377
6493
6962
7207
7242
7253
7267
7315
7407
7411
7490
7918
8166
8390
8468
8507
8926
9138
9488
9971
10056
10491
10713
10847
11107
11205
11461
11493
11969
12170
12444
12987
13447
13864
14231
14314
14361
14584
14599
14609
14797
15041
15359
15789
15913
16027
16095
16384
16843
16890
17189
17214
17394
17531
17749
17836
17916
17939
17978
18014
18050
18182
18300
18395
18860
18911
18924
19152
19490
19882
20618
20917
20998
21075
21280
21665
21873
21919
22130
22133
22237
22320
22874
22954
23038
23332
23453
23878
23935
24278
24619
24967
25301
25500
25632
25854
25889
26008
26138
26481
26554
26561
26587
26609
26842
27115
27146
27459
27754
27808
28032
28202
28294
28627
28742
28784
28847
29327
29351
29449
29579
29744
30048
30178
30317
30623
31247
31412
31598
31646
31709
31966
32466
32601
32612
32746
32753
33028
33155
33578
33766
33916
34189
34635
34815
35360
35576
35740
35909
36012
36286
36348
36470
36481
36578
36903
37010
37347
37536
37565
37730
38273
38581
38618
38782
39339
39810
40088
40601
40921
41160
41430
41528
41609
41893
42096
42164
42223
42248
42562
42885
43134
43213
43274
43849
43993
44240
44365
44373
44422
44611
44930
45282
45378
46068
46281
46415
46834
46835
46877
47286
47308
47443
47512
48068
48085
48207
48210
48935
49199
49399
49424
49516
49857
49947
50190
50227
50707
50789
50888
51024
51069
51251
51418
51707
51785
52148
52190
52341
52397
52686
53690
53709
53775
54520
54580
54727
54956
55399
55519
55558
55884
55887
55972
56217
56299
56564
57073
57174
57337
57396
57672
57755
58227
58329
58527
58593
58616
60017
60294
60761
61124
61324
61546
61757
61785
61848
61915
61920
61999
62140
62709
62791
62933
63486
63508
63536
63749
63854
63945
64210
64239
64384
64393
64805
65075
65423
65546
65559
65668
65711
65726
65760
67074
67608
67628
67664
67736
68018
68169
68243
68468
68511
68584
69309
69447
69509
69509
69700
69908
70090
70845
70922
71192
71237
71278
71573
71748
71793
71950
72915
73033
73070
73275
73354
73418
73604
73740
74063
74100
74342
75826
76170
76447
76657
76919
76967
77072
77286
77698
77714
79302
79469
79971
80014
80354
80473
80602
80618
81186
81393
81461
81599
81818
81894
82544
82638
83132
83180
83529
84036
84255
84293
84334
84352
84687
84827
84855
85061
86005
86022
86130
86148
86178
86198
86279
86281
86304
87080
87107
87341
87435
88106
88129
88195
89068
89137
89383
89793
89850
90128
90489
90558
90815
90976
91013
91279
91427
91488
91596
91854
91875
91990
92085
92411
92673
92835
93165
93223
93251
93310
93311
93441
93484
93538
93647
93691
93990
94020
94637
94804
95231
95569
95696
96379
96428
96565
96766
96804
96804
96808
96900
96935
97348
97671
97696
97742
97789
97881
98152
98411
98656
98666
99090
99235
99308
99374
99580
99726
99883
100685
100724
100929
101008
101637
101654
102063
102263
102549
103106
103488
103532
103832
103847
104248
104345
105231
105328
105469
105752
105770
106183
106471
106697
107315
107721
107913
107938
108069
108086
108229
108570
109118
109318
110064
110127
110499
110849
111260
111421
111786
112189
112215
112496
112607
112695
113263
113527
113616
113802
113807
113910
114067
114080
114280
114462
114681
114837
114951
115093
115108
115173
115507
115608
116477
116634
117419
117680
117910
117980
118316
118779
119036
119142
119216
119274
119435
119801
119824
119878
120701
120851
120958
121296
121451
121695
122145
122240
122436
122577
122597
122758
122911
122926
123187
123208
123375
123408
123502
123548
123742
123753
123779
123836
124197
124248
124252
124427
124456
124479
124723
124724
124816
124852
124958
125220
125238
125411
125437
125530
125566
125720
125907
126311
126401
126633
126836
126892
126919
126941
127053
127228
127240
127360
127364
127393
127484
127619
127641
127799
127831
128006
128526
128954
128968
129144
129321
129926
130079
130398
130551
130725
131033
131721
132073
132248
132277
132292
132374
132804
133133
133607
133669
133862
133994
134258
134269
134459
134561
134615
134631
134707
134767
134799
135071
135148
135151
135334
135586
135644
135688
136184
136552
136589
136610
136763
136994
137321
137421
137529
137656
137899
138035
138190
138429
138612
138706
138795
138949
139299
139612
139950
139978
140124
140179
140458
140924
141198
141385
141394
141957
141995
142114
142395
142600
142935
143344
143538
143566
143967
144523
144536
144704
144901
145063
145119
145366
145573
145983
146515
146551
146779
146948
147007
147168
147280
147567
147627
148143
148223
148235
148301
148342
148437
148976
149073
149117
149203
149340
149518
149619
149644
149758
150155
150217
150357
150398
150577
150721
150750
151095
151304
151333
151387
151943
152056
152589
152695
152947
153200
153358
153457
153577
153700
153720
153752
153761
154151
154483
154494
154498
154523
154921
154998
155126
155154
155329
155604
155647
155943
156162
156243
156273
156608
157400
157426
157514
157609
157664
157790
158003
158061
158069
158246
158561
158845
159576
159954
160202
160254
160307
160310
160467
160588
160717
161463
161580
161819
161871
162025
162668
163393
163490
163596
163702
163747
163775
164014
164023
164286
164410
164453
164694
164848
165335
165581
165586
165959
165986
166144
166475
166695
166722
166885
167115
167292
167296
167309
167394
167596
168290
168484
168494
168649
168736
169364
169524
169560
170067
170288
170460
170828
171170
171279
171306
171350
171700
171735
171990
172416
172989
173022
173031
173142
173454
173539
173911
174301
174414
174908
174987
175269
175290
175372
175514
175721
175778
176199
176340
176477
176640
176656
176884
177130
177298
177504
177789
178719
178961
179017
179087
179106
179350
179581
180038
180077
180244
180266
180310
180434
180488
180829
181649
181788
181971
182161
182480
182512
182794
182865
182901
182911
183065
183122
183693
183765
183843
184058
184327
184816
185188
185306
185498
185516
185616
185700
185896
185906
186353
186399
186404
186547
186713
186853
186890
187194
187250
187572
187911
188877
189016
189116
189483
189551
189569
189611
189704
189998
190219
190242
190259
190454
191097
191267
191280
191334
191407
192028
192474
192660
192926
192983
193154
193308
193474
193522
193881
194038
194172
194203
194366
194380
194404
194411
194562
194609
194946
195105
195183
195279
195354
195722
195853
195926
195944
196288
196761
196781
197399
197496
197674
197880
198001
198012
198084
198146
198207
198640
198848
199395
199443
199624
199730
199749
199864
199982
200477
201272
201801
201850
202274
202674
202755
202890
202956
203220
203224
203303
203399
203613
203630
204302
204749
204946
204950
205074
205180
205282
205364
205399
205846
205905
206074
206186
206292
206368
206402
206584
206689
206996
207062
207227
207238
207385
207532
207551
207785
207861
208116
208137
208247
208305
208331
208358
208513
209110
211134
211182
211356
211415
211474
211808
211992
213160
213177
213214
213379
213596
213950
214113
214198
214449
214459
214610
214656
214696
215307
215810
216155
216187
216396
216820
217020
217143
217559
217809
217930
217989
218117
218125
218361
218574
218873
219150
219164
219411
219580
219661
219726
220366
220544
220997
221175
221227
221906
222105
222388
222596
222618
222864
223033
223366
223606
223643
223961
224060
224097
224589
224652
224745
224822
224877
225006
225096
225182
225804
225825
225940
226185
226439
227118
227142
227195
227432
227435
227689
227842
227888
227921
227969
228127
228490
228847
228892
228957
229002
229187
229967
229983
230174
230201
230228
230514
230770
230810
230926
231089
231103
231634
232021
232029
232086
232221
232479
232701
232714
232967
233086
233212
233314
233404
233543
233674
234291
234327
234404
234508
234546
234687
234730
234979
235398
235435
235781
236015
236036
236394
236621
236815
236951
237117
237183
237295
237405
237564
237745
238110
238158
238215
238236
238359
238361
238660
238675
238949
239069
239567
239654
239974
240216
240386
240587
240808
240839
240985
241227
241528
241558
241676
241711
241769
241901
241931
242183
242224
242632
242848
242934
243051
243384
243778
243868
243903
243958
244124
244186
244309
244654
244735
244737
245113
245233
245293
245532
245639
245833
245944
246273
246323
246355
246528
246547
246617
246833
246947
247332
247343
247615
247729
247740
248296
248327
248539
248544
248775
248832
248892
249093
249135
249185
249413
249488
249916
250126
250252
250526
250774
251190
251904
252023
252046
252058
252244
252348
252644
252681
252731
252734
252822
253020
253560
253616
253641
254034
254196
254284
254497
254654
254734
254758
254905
255438
255511
255575
255656
255721
255952
256025
256481
256603
257137
257252
257546
257909
257953
257968
257969
257973
258189
258204
258233
258407
258500
258627
258969
259302
259388
259542
259644
260168
260169
260355
260537
260639
260875
260938
261076
261097
261297
261568
261650
261729
261981
262188
262590
262678
262802
263097
263295
263398
263489
263691
263699
263722
264316
264456
264666
265111
265115
265191
265355
265491
265603
265606
265794
265929
266007
266146
266665
267351
267690
268108
268216
268522
268848
269172
269314
269430
269457
269596
269636
269638
270053
270424
270525
270655
271272
271366
271465
271507
271740
271768
272151
272418
272498
272598
272684
272778
273262
273566
273725
273732
274438
274479
274861
274985
275121
275129
275205
275262
275420
275588
275657
275665
275793
275870
276363
276777
277601
278074
278133
278374
278554
278663
278700
278757
278984
279058
279164
279296
279563
279766
280045
280077
280243
280317
280382
280988
281267
281768
281823
281919
282119
282724
283258
283589
283656
283818
283913
284162
284307
284390
284561
284623
284792
285768
286081
286257
286335
286882
286900
287000
287010
287403
287408
287472
288013
288171
288416
288457
288651
289402
289599
289773
289925
289990
290100
290129
290520
290671
290740
290813
290977
291497
291642
291725
291816
291861
291974
292344
292519
292761
293154
293296
293421
293546
293560
293577
293671
293757
293812
293841
293968
294630
294649
294724
294907
295476
296434
296474
296492
296617
296880
297024
297131
297371
297476
297495
297543
297710
297845
297871
297912
298086
298178
298815
299015
299105
299156
299454
299782
300176
300601
300742
300778
301024
301029
301082
301111
301142
301371
301692
301794
302193
302337
302537
302938
302973
303213
303578
303732
303932
304061
304229
304414
304422
304473
304497
305586
305768
305832
305935
306007
306011
306098
306580
306662
306957
306966
307198
307427
307532
307699
307834
308436
308492
308600
309042
309044
309086
309120
309139
309154
309193
309598
309824
309972
310217
310271
310528
311086
311315
311591
311769
312434
312815
312832
312905
313036
313277
313929
314026
315384
315395
315678
315681
315687
315736
315854
316183
316468
316979
317369
317506
317577
317601
317820
318430
318517
318613
318905
319005
319671
319750
320146
321147
321248
321682
321815
322139
322230
322279
322381
322939
323078
323263
323268
323474
323483
323776
324212
324217
324820
324901
325176
325492
325788
325947
326251
326292
326782
327371
327626
327627
328138
328198
328407
328408
328410
328470
328593
328628
328926
329140
329223
329551
329706
330099
330335
330757
330986
331002
331043
331080
331229
331297
331758
331846
331995
332254
332312
332315
332371
332434
332952
333372
333462
333476
333731
334188
334480
335126
335220
335310
335318
335404
335723
335900
336215
336596
336739
336904
337153
337360
337489
337845
337893
338120
338235
338292
338300
338492
338921
338957
339001
339100
340020
340489
340577
340632
341736
342135
342556
342619
342935
343062
343528
344098
344204
344326
344414
344689
344866
344987
345039
345368
345450
345514
345669
346015
346019
346030
346333
346474
346555
346564
346819
347069
347206
347260
347424
347499
347501
348360
348437
348486
348525
348538
348627
348953
349051
349309
350118
350346
351087
351368
351522
351570
351788
351826
351832
351982
352218
352354
352431
352439
352829
353207
353419
353854
353984
354095
354203
354321
354624
354867
355127
355554
355690
355955
356726
356884
356903
357237
357261
357592
357707
357724
357755
357770
358225
358370
358713
358762
359021
359169
359695
360046
360080
360589
361069
361403
361636
361726
361831
362114
362180
362637
362790
362898
363211
363490
363826
363956
364983
365015
365785
365869
365935
365943
366265
367181
367429
367644
367866
367879
367963
368284
368291
368311
368613
368839
369153
369633
369665
369800
369868
369988
370048
370048
370264
370465
370478
370509
371644
372178
372235
372274
372343
372573
372659
372733
372931
373001
373161
373245
373336
373769
374233
374324
374370
374670
374721
375088
375652
376182
376555
376769
376850
377012
377319
377568
377610
377617
377696
377788
378047
378058
378119
378199
378647
378715
378844
378880
378923
379006
379265
379451
379520
379673
379839
380331
380428
380507
380811
381120
381414
381470
381785
382662
382845
383946
384184
384184
384327
384364
384447
384812
384823
384946
385026
385623
385624
385721
385794
385999
386192
386502
386570
386584
386667
386724
386837
386850
386993
387037
387083
387246
387540
387563
388147
388212
388360
388539
388677
388909
388984
389027
389584
389674
390064
390323
390403
390637
390817
391059
391136
391362
391611
391692
391891
391915
392024
392082
392153
392166
392735
392814
392851
392950
393070
393103
393195
393445
393449
393692
394144
394323
394532
394639
394718
394892
394932
395249
395353
395570
395926
396169
396369
396697
396838
396882
398065
398202
398288
398340
398427
398742
399009
399027
399140
399177
399236
399490
399508
399985
400059
400062
400149
400178
400234
400356
400911
400922
401174
401297
401440
401579
401876
401988
402042
402136
402152
402460
402645
402664
403106
403362
403380
403736
403918
404803
405115
405249
405396
406112
406308
406370
406473
406528
406744
406815
406860
407023
407055
407790
408178
408249
408337
409428
409636
410083
410300
410562
410821
410871
411797
411859
412251
412325
412542
413043
413529
413565
413785
413952
414058
414372
414465
414515
414622
414706
414740
414844
415227
415344
415348
415392
415415
415617
415635
415639
415859
415913
416850
417209
417276
417315
417425
417522
417759
418337
418356
418526
418565
418723
419077
419194
419230
419276
419694
419848
420163
420275
420305
421162
421441
421916
422557
422570
423123
423422
423657
423845
423864
424090
424462
424507
424916
425225
425284
425379
425430
425613
425909
426053
426117
426165
426198
426302
426553
426722
427412
427761
427977
428044
428265
428383
428674
429070
429812
430043
430130
430197
430463
430533
430835
431144
431165
431167
431252
431420
431829
431904
431963
431999
432180
432189
432275
432697
433151
433323
433500
434123
434312
434478
434482
434773
434913
435274
435397
435421
435599
435848
435927
436964
437064
437133
437503
437680
437838
438031
438035
438254
438495
438687
438690
438828
438833
438884
439388
439404
439428
439554
439575
439684
439707
439735
439804
439976
440152
440246
440264
440364
440395
440811
440815
440969
441045
441086
441385
441445
441527
441672
441927
442096
442319
442509
442760
442837
443282
443475
443959
444611
444817
444989
445008
445043
445478
445547
445819
445892
446354
446657
446780
446828
447061
447183
447210
448056
448283
448411
448557
448850
448928
449120
449436
449536
449566
449783
449956
450027
450036
450097
450263
450289
450299
450352
450608
450650
451143
452079
452206
452306
452465
452649
452830
453004
453074
453144
453230
453332
453381
453438
453507
453878
453895
453992
454056
454225
454565
454689
454703
454762
454830
454866
454900
454902
454910
456265
456403
456510
456776
457164
457171
457208
457294
457349
457449
457683
457755
457941
458253
458349
459418
459611
459734
459768
460094
460655
460883
461352
461915
461931
461956
461957
462228
462392
462547
462727
463363
463661
463674
463738
463856
464119
464126
464287
464293
464523
464636
464644
464691
464766
464965
465021
465153
465199
465208
465529
465579
465686
465711
465739
465826
465841
465922
465963
466089
466127
466225
466465
467505
467572
468019
468098
468215
468375
468857
469317
469612
469833
469857
470048
470289
471087
471171
471188
471307
471361
471573
471897
472006
472087
472555
472893
473044
473239
473290
473427
473718
473876
474398
474805
474983
475299
475402
475540
475628
475666
475860
476003
476296
476310
476446
476452
476818
476819
477046
477513
477530
477671
477983
478205
478326
478499
478535
478607
478611
478665
478884
478951
479013
479134
479253
479614
479988
479999
480001
480337
480520
480588
480768
480813
480881
481017
481390
481418
482387
483140
483973
484113
484191
484289
484568
484693
484778
484811
484838
484963
485275
485577
486210
486370
486448
486595
487140
487142
487468
487502
487748
488685
489159
489380
489570
489663
490186
490264
490515
490831
490933
491266
491819
491823
491837
491857
493156
493231
493506
493566
493687
493996
494238
494477
494522
494703
494878
495035
495149
495299
495477
495534
495630
495736
495824
496007
496540
496703
496878
497181
497313
497394
497399
497458
497653
497722
497835
497898
497932
498003
498049
498065
498084
498162
498363
498446
498661
498668
498733
499093
499122
499134
499140
499213
499336
499501
499526
499836
500144
500558
500584
500682
501071
501166
501502
501575
501618
501862
501922
501928
501987
502442
502869
503001
503099
503667
503945
503966
504069
504451
504620
504766
504775
504902
505065
505436
505515
505928
505997
506014
506083
506099
506153
506200
507013
507021
507124
507161
507162
507186
507441
507537
507763
507792
507817
508416
508617
508691
508743
508872
508984
509392
509562
509585
509661
509866
510032
510324
510564
510985
511070
511620
511973
512103
512158
512200
512292
512312
512616
512691
512879
513030
513108
513509
513559
513806
514130
514130
514162
514169
514181
514420
514504
514601
514747
514874
515064
515167
515471
515494
516019
516195
516210
516443
516614
517322
517350
517536
517650
517651
517842
517888
518119
518171
518180
518241
518362
518425
518557
518594
518605
519266
519313
519434
519678
519821
520315
520684
520835
520901
521144
522075
522189
522426
522501
522663
523103
523209
523328
523710
523936
524002
524079
524107
524169
524192
524687
524741
525439
525527
525529
525617
525784
525911
526054
526284
526320
526338
526655
526863
527354
527712
527773
527796
528152
528299
528678
528796
529108
529708
529932
529968
530101
530207
530410
530431
530689
530735
531095
531765
532038
532140
532198
532296
532332
532672
532807
533073
533521
533796
533942
533984
534084
534375
534786
535206
535415
535916
536035
536112
536468
536561
536604
536658
536894
536900
537057
537259
537549
538122
538206
538249
538345
539287
539355
539458
539562
539588
539606
539957
540085
540248
540281
540612
541071
541409
541623
541995
542096
542470
542902
542969
542993
543271
543399
543522
543628
543692
543844
544201
544354
544742
544860
544902
545047
545066
545300
545376
545386
545451
546027
546278
546411
546705
546878
547027
547180
547271
547356
547390
547462
547570
548473
548646
549114
549239
549313
549454
549760
549873
549902
550565
550685
550706
550761
550764
551136
551140
551200
551357
551503
551597
551718
552063
552585
552668
552871
553284
553818
554151
554265
554389
554455
554709
555115
555215
555224
555589
555825
555964
555978
556847
557499
557926
558073
558373
558499
558723
558858
558934
559258
559545
559747
560255
560722
560844
560929
561098
561404
561437
561440
562138
562171
562278
562448
562487
562662
562712
562905
563511
564269
564873
564902
565666
565667
565878
566132
566154
566545
566575
566660
566848
566998
567106
567476
567600
567752
567891
568039
568104
568342
568956
569092
569271
570270
570546
570926
571014
571036
571332
571403
571405
571434
571459
571479
571602
572161
572259
572261
572348
572351
572413
572900
573195
573210
573237
573715
574270
574286
574315
574559
574605
574814
575011
575153
575318
575447
575576
575598
576327
576848
576873
577027
577332
577937
578431
578724
578970
579342
579453
579858
580498
580558
580564
580675
581094
581269
581931
582565
582609
582792
582943
583159
583475
583605
583754
583918
583971
584457
585171
585375
585437
585541
585564
585812
586046
586313
586768
586806
586881
586958
587337
587529
587639
587765
587894
588089
588494
588618
588624
588774
589020
589569
590268
590398
590599
590844
591321
591369
591819
592041
592410
592491
592608
592729
592763
592777
593524
594133
594241
594267
594318
594530
594540
594590
594674
594745
594789
594915
594920
595033
595095
595119
595168
595309
595400
595726
595746
595919
595920
595999
596039
596045
596073
596296
596412
596599
597216
597311
597342
597440
597547
597555
598157
598238
598284
598469
598497
598772
598910
599124
599299
599307
599893
599942
600056
600364
600885
600945
601792
601903
601908
601909
602198
602429
602643
603074
603135
603207
603625
603843
603954
604436
605205
605394
605823
605871
606377
606512
606637
606693
606839
606883
606898
606909
607084
607386
607399
607609
607712
607740
607764
607944
608310
608412
608566
608644
608793
608919
609013
609284
609473
609570
609956
610016
610160
610577
610635
610657
610933
611073
611077
611830
611878
611972
611991
613021
613558
613738
613832
614015
614058
614318
614378
614798
614818
614881
614954
614967
615961
615978
616041
616069
616087
616213
616248
616297
616440
616449
616589
616829
616922
617200
617394
617596
617749
617848
617941
618068
618095
618106
618251
619001
619016
619238
619741
619947
620566
620634
620661
620774
620857
620972
621117
621202
621329
621516
622475
622519
622558
622655
622708
623171
623276
623317
623357
623477
623505
623521
623870
624265
625071
625163
625217
625365
625659
625812
626082
626158
626284
626458
626545
626669
626908
627003
627122
627186
627196
627199
627310
627758
627985
628057
628087
628147
628208
628903
629172
629264
629779
630108
630129
630251
630299
630321
630485
630543
630933
631796
631853
632365
632466
632498
632897
632924
633507
634080
634695
634948
634990
635533
635755
636377
636481
636495
636511
636871
636928
636978
637018
637161
637333
637343
637351
637497
637508
637521
638115
638704
638859
638994
639685
640177
640263
640417
640426
640534
640655
640877
641022
641087
641238
641538
641647
641692
641866
641873
641911
642519
642603
643114
643218
643630
643685
643742
643883
644052
644220
645322
645693
646055
646149
646211
646454
646790
646792
647104
647380
647510
647955
647998
648297
648651
649350
649533
649700
649790
649930
649985
650335
650934
651029
651255
651660
651828
651905
651937
651975
652021
652243
652476
652879
652992
653050
653179
653458
653639
653690
653845
654001
654300
654421
654544
654971
654996
655089
655123
655630
655696
656099
656123
656173
656237
656310
656430
656750
656947
656978
657141
657166
657358
657390
657511
657624
657629
657711
657794
658127
658383
658612
658974
658998
659231
659355
659391
659397
659489
659649
659775
659812
659875
660152
660273
660401
660450
660481
660708
660711
660954
661115
661186
661273
661407
661499
661685
661996
662117
662462
662633
662745
662823
662885
663255
663417
663786
663957
664000
664099
664194
664461
664809
665083
665374
665434
665818
665845
666018
666401
666837
666871
666899
666912
667065
667307
668039
668087
668275
668608
668741
668927
669822
669828
669975
669985
670082
670177
670263
670673
670879
671044
671062
671176
671304
671637
671715
672154
672907
673841
673909
673947
673955
674133
674211
674273
674476
674485
674693
674933
675105
675479
675603
675999
676076
676295
676306
676316
676569
676613
676629
676905
677346
677778
677860
677930
677976
678444
678801
678844
679288
679320
679607
679960
680108
680177
680585
681541
681843
681850
682396
682546
682657
683092
683266
683415
683944
683981
684157
684875
685139
685291
685313
685728
686166
686312
687006
687220
687310
687369
687781
687807
687983
688062
688117
688137
688369
688448
689011
689243
689280
689443
689465
690053
690574
690861
691167
691636
691958
692005
692241
692285
692323
692835
693195
693457
693790
693986
694299
694560
694624
694637
694828
694869
694962
694999
695387
695641
696016
696331
696582
697103
697110
697155
697391
697484
697542
697595
697608
697661
697810
697859
697937
698223
698425
698490
698588
698735
698918
699107
699686
699732
699735
700313
701333
701986
702035
702085
702481
703040
703362
703443
703497
703894
703925
704218
704252
704599
704905
704939
705337
705467
705790
705826
705881
706378
706678
706734
707021
707169
707594
707754
707945
707975
708069
708091
708399
708690
708871
709652
709847
710036
710059
710136
710271
710545
710772
710829
711265
711663
711673
711963
712017
712086
712252
712271
712287
712340
712400
712560
712571
713242
713297
713729
714064
714146
714168
714317
714832
714986
715348
715380
715432
715578
715583
715631
716044
717133
717204
718036
718036
718253
718299
718314
718386
718482
718594
718676
718774
718838
719009
719142
719214
719750
719827
719869
719912
720258
720686
720760
720863
720889
720917
721201
721228
721263
721281
721354
721431
721640
721911
721918
721948
722064
722209
722249
722358
722452
722824
722999
723008
723368
723678
723687
723716
723746
723870
724065
724067
724509
724714
724755
724835
725274
725609
725678
725889
725928
726246
726660
726692
726700
726900
726972
727047
727163
727571
727641
727869
728544
728983
729257
729303
729344
729434
729507
730084
730085
730169
730183
730731
730739
730739
731280
731710
732086
732187
732448
732622
733177
733352
733379
734039
734366
734428
734483
734525
734614
735158
735645
736374
736566
736576
737021
737305
737333
737589
737756
738039
738070
738099
738264
738366
738425
738864
738948
739032
739033
739121
739462
739678
739935
740251
740359
740405
741064
741302
741333
741440
741634
741820
741830
742299
742368
742379
742899
743045
743190
743799
743942
744208
744397
744425
744702
744755
744767
745082
745162
745420
745607
745922
746092
746107
746290
746972
747276
747530
747962
748193
748515
748553
749016
749026
749084
749851
750159
750174
750261
750270
750333
750342
750917
750934
751198
751561
751804
752104
752124
752302
752371
752494
752747
753186
753443
753887
754134
754347
754948
755431
755651
756735
757234
757591
757619
758022
758038
758322
758566
758703
758897
759701
759711
759754
759981
760034
760564
760579
760641
760753
760953
761010
761026
761467
761627
761749
761877
761883
761906
762258
762568
762675
762806
763010
763059
763259
763658
763850
764412
764448
764747
764947
765315
765420
765538
766021
766323
766435
766562
766720
766962
767015
767017
767230
767266
767835
767858
769228
769333
769549
769608
769691
770032
770586
770641
770689
770777
771070
771078
771116
771356
771512
772296
772319
772647
772689
772836
772946
772989
773380
773385
773687
773698
773964
774095
774380
774556
774568
774969
775417
775611
775652
775674
775715
775725
776256
776291
776588
776723
776776
776811
776953
777065
777121
777135
777437
777612
777845
777930
778304
778330
778376
778536
778586
778724
779009
779030
779250
779322
779364
779447
779579
780171
780593
780979
781126
781234
781443
781730
781880
781905
781991
782137
782306
783185
783441
783515
783761
783794
784332
784341
784516
784579
784952
784961
784997
785085
785098
785360
785397
785638
785834
785917
785924
785949
786005
786281
786306
786582
786738
786794
787025
787037
787222
787228
787454
787709
788124
788333
788345
789414
789446
789564
789877
789910
790654
790712
790749
791030
791194
791303
791387
791498
791605
791662
791769
791806
791898
791918
792664
793022
793034
793198
793235
793661
793815
794070
794242
794417
794667
795191
795339
795579
796063
797087
797160
797168
797370
797695
797822
798091
798201
798381
798851
798912
799364
799494
799559
799633
799667
799674
799693
799927
799954
800058
800103
800440
800500
800777
800840
801009
801142
801151
801224
801366
801531
801622
802095
802111
802144
802176
802338
802869
803202
803395
803402
803946
804297
804418
804475
804550
804730
804785
804900
804943
804988
805180
805785
805825
805883
806163
806221
806319
806326
806328
806626
806631
806691
806832
807075
807104
807106
807173
807515
807721
807752
807922
807951
808265
808269
808345
808539
808735
808856
809055
809228
809376
809378
810032
810745
811839
811972
812008
812612
812847
812929
813137
813166
813621
813821
814629
814990
815020
815078
815141
815367
815561
815692
815849
816126
816194
816475
816754
816871
816901
817061
817489
817490
817701
817793
818114
818250
818267
818512
819084
819345
819859
820002
820082
820238
820632
820989
821008
821087
821518
821644
822142
822258
822573
822742
822978
823326
823367
823434
823719
823849
824610
824615
824751
824759
824883
825087
825109
825147
825206
825849
826166
826178
826231
826367
826831
826916
827161
827335
827357
827514
827527
827649
827758
827838
828153
828190
828311
828605
828627
828827
829101
829492
829520
829525
829551
830002
830045
830371
830452
830550
830559
830596
830717
830782
830789
830801
830815
830884
831036
831061
831178
831255
831669
831969
833028
833161
833408
833518
833542
833745
833829
834022
834435
834580
834765
834844
834967
835195
835762
835955
836496
836875
836967
837282
837313
837325
837326
837496
837766
838039
838266
838428
838566
838610
838670
838743
838799
839101
839267
839694
839785
839904
839931
839965
840053
840238
840339
840348
841434
841634
841712
841918
841998
842082
842161
842405
842896
842981
843297
843488
843619
843929
844290
844314
844416
844775
844832
845047
845571
845676
845693
845924
846513
846542
846848
847187
847561
847767
848076
848534
848604
848904
849232
849326
849794
849978
850310
850853
850886
851064
851190
851237
851251
851383
851621
851667
851976
851993
852153
852355
852504
852898
852928
853028
853306
853361
853530
853972
854036
854251
854292
854456
854481
854556
854568
854615
854750
854814
854818
855197
856813
856838
856933
856959
856959
857098
857491
857775
858014
858913
859001
859041
859243
859360
859752
859958
860346
860530
860570
860961
861038
861152
861221
861236
861728
861924
862026
862045
862281
862438
862700
862835
863081
863466
863528
863892
863981
864022
864166
864521
864842
865022
865227
865863
865991
865997
866094
866231
866501
866548
866592
866867
866868
866882
867140
867259
867542
867603
867946
868023
868023
868475
868563
868571
868652
868827
868904
868968
869373
869476
869508
869747
870060
870122
870357
870714
871020
871471
871721
872439
872492
872515
872579
873168
873282
873326
873328
873581
873735
874197
874310
874512
875074
875348
875358
875390
875470
875557
875564
875702
876027
876174
876179
876380
876731
877274
877346
877380
877452
877533
877644
877863
878598
878622
878821
879655
879856
880523
881014
881203
881246
881372
881397
881693
881700
882030
882061
882180
883008
883044
883744
883846
883975
884065
884300
884441
884534
884610
884871
885112
885138
885178
885325
885699
885898
886008
886165
886166
886592
887100
887323
887415
887550
887715
887726
887821
887869
887876
887904
888116
888165
888846
888853
889633
889894
889914
890999
891222
891263
891508
891774
891895
891993
892421
892426
892521
892598
892624
892668
892812
893183
893440
893473
893683
893858
893863
894024
894384
894617
894704
894856
894894
895441
895470
895514
895618
895674
896069
896440
896469
896500
896656
896777
896847
897133
897315
897447
897502
897840
897872
897957
898085
898109
898148
898229
898753
898782
899163
899209
899267
899390
899396
899424
899663
900184
900466
900573
900840
901215
901424
901726
902316
902360
902718
902924
903089
903190
903382
903434
903657
903769
903809
903959
904530
904843
904927
905217
905277
905510
905586
906156
906188
906222
906417
906476
906569
906643
906645
906756
906766
907176
907262
907276
907412
907660
907720
907903
907969
908149
908258
908449
908587
909021
909088
909203
909244
909424
909483
909607
909782
909892
909910
909976
910208
910245
910436
910533
910577
910638
910640
910865
910935
911008
911049
911140
911249
911384
911481
911545
911736
911792
911822
911854
911899
912135
912182
912287
912359
912836
912867
912915
913316
913869
913993
914042
914369
914670
914890
915334
915601
915633
916088
916248
916262
916454
916495
916706
916755
917225
917338
917468
918396
918607
918860
919073
919220
919339
919352
919675
919928
919965
920046
920243
920395
920449
921040
921099
921317
921334
921648
921720
921893
921990
923150
923319
924762
925105
925407
926056
926126
926357
926522
926531
926563
926778
926849
927266
927277
927280
927307
927564
927692
927785
927818
928000
928148
928233
928296
928937
929094
929125
929585
929799
929934
930198
930256
930388
930584
931039
931084
931310
931604
931902
932020
932047
932091
932356
932477
932683
932758
932775
933047
933121
933249
933339
933433
933788
934119
934300
934485
935084
935602
935605
935706
935831
935851
936083
936387
936597
936866
936929
937522
937927
937976
937986
938129
938520
938537
938745
939057
939154
939295
939404
940093
940139
940348
940422
940946
940985
940990
941160
941574
941650
942242
942242
942374
942418
942441
942515
943088
943179
943290
943563
943929
944159
944196
944931
945153
945483
945570
945607
945616
945656
945888
946285
946678
947122
947126
948027
948028
948032
948824
949257
949642
950188
951198
951231
951326
951454
951639
951844
951870
952208
952307
952844
953033
953228
953653
953658
953670
953674
954271
954481
954901
955529
955826
955913
955936
955980
955992
956303
956777
956997
957182
957225
957232
957618
957752
957776
958144
958179
958445
958685
958964
959481
959493
959530
959559
959907
959927
960100
960182
960266
960294
960759
960886
961013
961112
961785
962115
962756
962819
962859
962990
963153
963524
963526
963752
964527
964768
964780
964957
965011
965532
965646
965879
966072
966391
966522
966589
966641
966659
966854
967037
967374
967409
967509
967542
968066
968281
968885
968989
969519
969771
969990
970020
970169
970317
970329
970381
970897
971068
971340
971528
971772
972030
972146
972508
972574
972712
972768
973039
973519
973525
973998
974072
974225
974262
974491
974547
974622
974741
974746
974875
975068
975075
975978
976359
976477
976866
976890
977079
977191
977425
977467
977529
977706
978422
978436
978458
978766
979266
979302
979313
979688
979817
980061
980261
980288
980434
980814
980905
981027
981446
981801
982017
982374
982550
982675
983325
983379
984308
984395
984555
984571
984619
984645
984992
985976
986117
986290
986482
986734
987103
987407
987593
987694
988394
988472
989106
989133
989168
989227
989395
989438
989527
989685
989756
989771
989852
990195
990301
990332
990626
990740
990761
990880
990960
990964
990981
991361
991474
991519
991734
991881
991958
992039
992227
992297
992375
992391
992524
992632
992636
992791
992904
993107
993313
993467
993768
993887
993911
994057
994155
994265
994452
994898
995158
995315
995652
995865
995986
996237
997250
998481
998562
998934
998981
998987
999284
999413
999742
