51
340
354
506
595
626
654
739
819
835
1044
1069
1385
1541
1840
2065
2446
2522
2560
2671
3412
3886
4001
4039
4266
4577
4614
4667
4882
5125
5136
5333
5387
5675
5753
5870
6103
6204
6208
6410
6483
6537
6543
6690
7079
7134
7178
7279
7556
7591
7725
8017
8134
8514
9218
9469
9554
9625
9632
9837
9921
10201
11020
11348
11629
11708
12040
12529
12629
13061
13139
13243
13456
13788
13833
13989
14105
14822
14905
15135
15232
15320
15904
16002
16218
16306
16388
16586
16635
16649
16962
17591
17601
17603
17712
17852
18111
18196
18331
18401
18595
19309
19749
19985
20259
20498
20516
20541
20579
20695
20771
21242
21655
21787
22276
22365
22683
22689
22754
23561
23761
23865
23957
24660
25247
25257
25296
25317
25334
25382
25451
25474
25560
25649
25687
26071
26140
26278
26570
26687
27134
28014
28022
28158
28863
28866
28939
29029
29059
29286
29521
29535
29599
29672
30439
30621
30990
31274
31349
31867
31869
31896
32072
32194
32268
32285
32736
32754
32999
33044
33170
33197
33360
33409
33614
33809
33897
34168
34320
34338
34554
34745
34979
35157
35307
35333
35463
35581
35686
35889
36042
36064
36178
36178
36766
36824
37309
37348
37688
37879
38235
38337
38489
38506
38923
39028
39521
39929
40137
40256
40280
40385
40749
40878
41028
41268
41302
41415
41599
41962
41995
42123
42228
42533
42685
42698
42703
42943
43144
43206
43604
43702
43716
43733
44192
44318
44607
44978
45012
45208
45760
45772
46158
46307
47024
47109
47471
47545
47625
47660
47704
47773
48274
48440
48503
49383
49423
49673
49842
50162
50285
50306
50385
50395
50499
50556
50814
50867
51096
51103
51327
51387
51528
51608
51628
51832
51857
51936
51967
52016
52632
52633
52707
52748
52843
52936
53044
53256
53620
53726
54194
54258
54533
54584
54844
55023
55233
55478
55669
55891
55972
55992
56396
56574
57061
57302
57499
57611
58129
58438
59394
59762
60379
60479
60760
60764
60789
60936
60996
61008
61179
61321
61362
61542
61942
62362
62680
62741
62899
62965
63069
63698
63795
63904
63913
64283
64395
64401
64448
64504
64595
64694
64769
65040
65149
65209
65308
65341
65487
65601
65650
65694
65894
66607
66658
67140
67303
67400
67431
68378
68457
68602
68725
68776
68809
69534
70242
70369
70480
70815
71083
71462
72155
72287
72368
72446
72568
72718
73121
73297
73438
73492
73799
73939
73970
74367
74465
74600
74713
75071
75121
75359
75413
75572
75754
75842
76333
76356
76430
76787
76821
76862
77204
77211
77441
77595
77870
77890
78017
78122
79041
79340
79925
80296
81111
81280
81342
81445
81448
82128
82129
82943
82978
83031
83169
83192
83197
83413
83486
83716
84538
84554
84617
84649
84687
84872
84904
85052
85245
85269
85369
85370
85601
86006
86495
86503
86596
86715
86776
86994
87013
87312
87478
87679
87714
88058
88527
88979
89103
89380
89419
89539
89780
90071
90393
90574
90618
90694
92367
92412
92615
92697
92770
92818
93045
93366
93393
93652
93879
94125
94164
94204
94249
94442
94593
94664
94837
95038
96112
96416
96587
96590
96598
96838
96865
96881
97464
97707
97761
97952
98056
98197
98256
98578
99264
99579
99757
100230
100280
100511
100880
101250
101544
101727
101744
101930
102213
102221
102233
102377
102459
102657
102725
102732
103087
103226
103395
103575
103733
103821
103842
103897
103902
104181
104315
104317
104354
104444
104954
104992
105488
105819
105905
106473
106555
106801
107307
107356
107737
108350
108362
108407
108758
109317
109428
110191
110232
110408
111013
111396
111627
111801
111809
111863
111887
112084
112306
112335
112530
112609
113247
113271
113504
113902
113938
113964
114012
114198
114566
114628
114711
114763
115031
115840
115881
116126
116169
116364
117252
117341
117478
117905
118183
118240
118991
119034
120270
120383
120697
120705
120742
120791
120849
120995
121007
121107
121193
121533
122044
122067
122152
122330
122681
123238
123636
123695
123928
123970
123973
123986
124366
124488
124545
125333
125350
125461
125501
125749
125823
125826
126226
126312
126554
126649
126757
127140
127218
127301
127422
127560
127799
127825
128228
128453
128964
129216
129254
129546
129555
129771
129832
130132
130165
130223
130323
131256
131941
132363
132494
132519
133071
133326
133599
133635
133873
134069
134455
134512
135200
135266
135390
135514
135535
135595
135636
135783
136265
136749
136768
136858
136892
136935
137046
137247
137261
137432
137458
137463
137609
137751
138102
138197
138281
138660
138669
139212
139358
139408
139618
139734
139757
139926
140619
140680
140692
140696
140959
141263
141499
141557
141643
141718
141754
142319
142361
142369
142434
142440
142457
142813
142940
143301
143646
143849
144270
144452
144492
144649
144695
144839
145019
145311
145438
146508
146536
146649
147448
147566
148708
148741
148745
148909
148959
148972
149105
149135
149402
149552
149688
149711
149735
149948
150090
150138
150181
150430
150499
150569
150576
150708
151034
151066
151111
151373
151412
151428
151809
151819
151984
152706
152831
153230
153298
153302
153333
153507
153564
153703
153999
154040
154162
154169
154298
154480
154935
154994
155121
155214
155301
155442
155531
155582
155661
155762
155900
156411
157253
157437
157552
157788
158065
158360
158507
158727
158841
159039
159114
159282
159312
159390
159421
159671
159704
159905
160182
160397
160413
160590
160876
161123
161183
161358
161720
161814
161838
161928
162376
162515
162739
162895
163039
163473
163641
164217
164225
164409
164672
165229
165318
166037
166266
166276
166433
166942
166951
166963
167683
167881
167888
167999
168194
168435
168744
168846
169111
169948
169963
170006
170050
170311
170541
170809
171287
171634
171766
172070
172300
172716
172862
172964
173054
173189
173429
173500
174063
174147
174148
174304
174566
174652
175076
175312
176067
176188
176235
176266
176672
176686
177950
178458
178486
178690
178699
178828
178983
179310
179455
179479
179622
179707
179787
179883
180031
180072
180352
180673
180812
180987
181025
181163
181541
181678
182239
182346
182348
182457
182602
182768
182842
183184
183346
183562
183637
184042
184240
184275
185098
185352
185576
185652
185724
185774
185875
186047
186360
186614
187156
187999
188033
188218
188265
188442
188522
188587
188923
189255
189842
190048
190129
190214
190436
190511
190564
190801
190842
191045
191089
191131
191291
191351
191352
191387
191457
191458
191880
191910
192442
192592
192672
192679
192784
192975
193017
193093
193296
193518
193597
193944
194193
194450
194464
194469
195538
195751
195810
195996
196013
196042
196096
196306
196458
196572
196673
196781
196799
196863
197051
197078
197238
197255
197398
197886
198093
198096
198253
198768
198903
199141
199379
199581
199589
199639
199741
200197
200280
201080
201581
201752
201884
202226
202922
203354
203817
204397
204488
204532
204636
205004
205111
205324
205384
205480
205733
205771
205968
206268
206425
206736
207174
207492
207603
207632
207690
207793
207958
208039
208512
208564
208594
208722
208805
208863
208941
209390
209531
209842
210165
210180
210732
210877
210889
211252
211371
211742
211745
211823
212026
212509
212539
212667
212825
213071
213569
213643
213833
214078
214275
214547
214898
215250
215561
216193
216251
216302
217406
217461
217712
218007
219739
219774
219810
219876
220764
220800
221167
221416
221454
221692
221806
221907
222354
222559
222642
222813
223385
223532
223562
223620
223744
223963
224040
224298
224363
224565
224671
224814
224925
224961
225020
225195
225514
225622
225983
226320
226536
226935
227323
227332
227403
227520
227547
227999
228008
228138
228250
228901
229065
229221
229464
229661
229672
229691
229729
229857
229995
230526
230696
230801
230933
231090
231282
231406
231455
231658
231867
232039
232445
232470
232636
232638
232709
232792
232853
233261
233657
233746
233889
234117
234164
234281
235171
235270
235372
235402
236264
236529
236690
236857
237115
237147
237263
237277
237283
237653
237791
237886
237929
238053
238372
238610
239225
239352
239555
239567
239789
239863
239883
240076
240362
240813
240838
240848
241124
241173
241299
241300
241338
241385
241649
242158
242336
242424
242438
242505
242736
242766
243042
243126
243449
243829
244269
244554
244576
244693
244802
244849
244967
245271
245275
245486
245488
245514
245551
245781
246317
246396
247600
247785
248216
248343
248559
248584
248751
249148
249448
249799
250061
250191
250195
251386
251475
251739
251805
251970
251979
252102
252270
252286
252414
252645
252680
252694
252806
252824
252884
253164
253201
253552
253698
253953
254176
254457
254565
254799
254830
254887
255094
255332
255671
255700
255735
255837
255952
256196
256587
256641
257096
257417
257485
257529
257596
257853
257931
258032
258230
258307
258644
258702
258748
259352
259452
259695
259697
259827
260204
260333
260339
260478
260712
261462
261588
261965
262269
262468
262681
262695
262907
263178
263179
263200
263321
263354
263491
263509
263541
263656
263985
264301
264417
264426
264522
264533
264682
264744
264908
265058
265522
265775
265875
266056
266160
266389
266730
267450
267778
268150
268321
268323
268606
268887
269370
269896
269960
269990
270058
270324
270489
270848
270929
271261
271297
271852
271989
272417
272641
272762
272866
272911
273152
274339
274468
274831
275085
275107
275244
275288
275313
275496
275608
275698
276049
276071
276512
276987
277229
278055
278057
278082
278377
278385
279288
279405
279479
279722
279774
279828
279912
280152
280621
280754
280772
281068
281078
281279
281490
282220
282363
282983
283661
283981
284093
284113
284224
284230
284380
284412
284709
285017
285243
285279
285286
285500
285976
286112
286176
286869
287090
287122
287709
287784
288121
288254
288517
288539
288639
288723
289112
289196
289290
289395
289668
289779
289894
290047
290241
290467
291179
291247
291666
291824
291912
291955
292077
292094
292665
292698
293007
293682
293729
294211
294223
294512
294813
294883
294918
295012
295065
295319
295736
295787
295834
296033
296130
296503
296741
296812
296924
297475
297669
297941
297993
298605
298925
299101
299127
299296
299391
299491
299559
300135
300351
300377
300703
300720
300800
300834
300922
301083
301140
301206
301241
301515
301593
301888
302138
302346
302348
302436
302472
302796
302874
302889
302962
302994
303105
303492
303906
304278
304398
304544
304817
305075
305089
305122
305611
305728
305781
305948
306074
306447
306819
306895
307020
307225
307609
307771
308122
308133
308280
308656
308810
308996
309036
309044
309193
309225
309372
309528
309791
309955
310079
310323
310408
310492
310770
311327
311733
311753
311927
311943
312240
312609
312734
312999
313299
313973
314311
314533
314611
314648
314938
314962
314978
315239
315255
315397
315438
315788
315820
315849
315875
315917
315928
315946
315975
316092
316179
316429
316468
316586
317047
317319
317370
317408
317587
317990
318056
318213
318770
318857
318912
319184
319244
319391
319522
320056
320087
320143
320381
320627
321164
321173
321460
321503
321789
322008
322094
322127
322931
323033
323132
323191
323210
323513
323596
323695
323744
323903
324003
324015
324227
324352
324438
324451
324506
324679
324882
324997
325164
325221
325233
325255
325465
325812
325820
326096
326534
326673
326715
326732
326768
326884
327063
327153
327347
327352
327482
327554
327666
327934
327994
328154
328216
328225
328429
328481
328528
328596
329282
329337
329813
329823
330326
330434
330558
330705
330961
330966
331030
331225
331473
331815
332097
332377
332438
332616
332670
333248
333565
333677
334088
334418
334425
334433
334534
334951
335032
336124
336466
336528
336676
336927
337011
337040
337309
337691
337895
338437
338614
339395
339614
340329
340600
340779
340887
342384
342547
342925
343038
343102
343363
343772
343964
344398
344832
344871
345045
345432
345764
346009
346460
346468
346514
346619
346935
347595
347811
347856
348005
348020
348047
348288
348452
348479
348993
349197
349879
350426
350634
350954
351010
351098
351330
351505
352042
352050
352139
352145
352190
352290
352425
352776
352866
353015
353237
353299
353532
353713
353828
353883
354055
354690
355134
355218
355550
355737
355813
355849
355917
356128
356196
356495
357127
357135
357451
357700
357768
358125
358296
358402
358479
358727
358845
358895
359124
359226
359361
359361
359697
359745
359853
359928
360108
360368
360748
361315
361710
361713
361759
362264
362339
362395
362957
363023
363435
363467
363673
363883
364220
364223
364233
364239
364315
364324
364408
364448
364717
364776
364892
365058
365080
365196
365473
365518
365540
365753
366065
366322
367658
367874
367982
368269
369309
369512
369836
369879
369882
370363
370676
370724
370904
370925
370928
371060
371154
371357
371582
371920
371939
372120
372311
372343
372463
372814
373590
373623
374062
374074
374076
374124
374347
374504
374578
374761
375269
375272
375540
375616
376289
376428
376623
376832
376997
377354
377398
377683
377695
378084
378158
378375
378440
378537
379093
379116
379804
379828
379889
379999
380671
381091
381119
381635
381773
382074
382147
382259
382630
382799
382896
383197
383464
383546
383809
383900
384025
384028
384285
384359
384441
384835
384961
385181
385342
385374
385468
385888
386044
386086
386611
387093
387103
387138
387203
387876
387892
387953
388200
388222
388515
388755
388918
388991
389887
389981
390557
390626
390854
391030
391050
391158
391266
391314
391538
391582
391835
392131
392225
392287
392445
392471
392759
392962
393005
393373
393421
393497
393518
393621
393643
394117
394121
394323
394580
394786
394814
394997
395113
395358
395382
395396
395425
396029
396269
396494
396614
396843
396890
396921
397010
397052
397131
397135
397229
397248
397419
397739
397912
398006
398070
398691
398784
398884
399076
399224
399537
399665
399987
400326
400382
400430
400726
400879
401188
401611
401651
401724
401750
401771
402006
402261
402286
402409
402471
402509
402698
402754
402954
403587
403685
403695
403907
404092
404181
404205
404241
404306
404384
404516
404713
404758
404816
404833
404924
404943
404979
405251
405317
405611
405762
405884
405901
406510
406897
407538
407719
407976
408173
408746
408872
409225
409616
409679
409794
409835
410310
410417
410458
410542
410621
410651
410886
410906
410921
411221
411604
411783
411937
412356
412727
412736
413152
413505
413774
414047
414057
414102
414117
414177
415126
415350
415549
416084
416282
416310
416750
416783
416794
416945
416968
417141
417606
417720
418044
418133
418640
418699
419046
419457
419472
419561
419816
420069
420095
420261
420468
420569
420612
420688
420749
421158
421313
421469
421646
421960
422160
422298
422397
422578
422598
422605
423219
423464
423723
423789
423938
424312
424493
424494
424732
424808
425615
425729
425758
425789
425792
425838
426070
426077
426164
426232
426880
427218
427499
427644
427711
427930
427974
428010
428067
428148
428198
428710
428785
429001
429792
429805
429877
430089
430476
430823
430839
430861
431734
432025
432119
432508
432617
432729
433089
433206
433296
433396
433439
433518
433520
433583
433625
434114
434141
434142
434255
434323
434375
434467
434562
434753
435141
435272
435515
435625
435628
435774
435783
435891
436058
436090
436654
436859
436967
437204
437209
437748
438361
439562
439718
440116
440221
440411
440648
440731
441287
441404
442199
442513
442613
442698
442803
442815
443173
443279
443389
443477
443509
443670
443855
443977
444000
444059
444361
444421
444516
444691
444739
444772
444799
444938
444957
444959
445481
445563
445600
445836
445864
445984
446154
446264
446317
446662
446692
447146
448612
448855
449010
449042
449049
449074
449515
449567
449637
449885
450275
450568
450575
450743
450752
450959
451004
451090
451370
451401
451585
451702
452349
452373
452558
452895
453031
453066
453090
453390
453473
453523
453549
453812
453926
454083
454342
454591
454717
455126
455631
456295
456304
456549
456855
457068
457235
457387
457625
457775
458353
458668
458809
458937
458946
459180
459373
459446
459656
459899
459917
460140
460300
460391
460446
460481
460519
460682
461028
461365
461381
461592
461675
462229
462455
462470
462534
462915
463265
463429
463503
463591
463596
464184
464421
464468
465025
465330
465418
465533
465592
465716
465758
465771
465901
466417
466466
466785
467021
467466
467681
468233
468379
468713
468899
469131
469211
469344
469756
469886
469947
470311
470672
470800
470826
470949
470963
471095
471873
471909
472476
472781
473057
473227
473755
473789
473907
474022
474304
474345
474374
474486
474680
474898
475009
475573
475592
475596
475748
475869
476398
477161
477857
477935
477967
478245
478402
478582
478666
478706
478887
479327
479395
479409
479468
479646
479937
480145
480206
480385
480722
481002
481595
481821
481828
482148
482195
482410
482601
483220
483372
483821
484086
484177
484314
484980
485112
485237
485308
485413
485697
485783
486211
486732
486741
487216
487255
487689
487814
487823
488186
488253
488658
488979
489130
489204
489239
489288
489302
489347
489492
489536
489556
490034
491272
491321
491376
491428
491561
491643
491870
491948
492128
492280
492444
492494
492604
492696
492781
492798
492928
493113
493188
493323
493494
493586
493608
493697
493727
493758
493771
494328
494547
495308
495459
496389
497351
497595
497760
497870
497871
498305
498344
498345
498421
498637
498673
499018
499113
499697
499914
499958
499977
500467
500823
500882
500891
500920
500994
501196
501596
501800
501914
502047
502542
502896
503196
503789
504001
504021
504220
504284
504391
504784
505147
505278
505654
505695
505768
506178
506370
506409
506595
506637
506901
506945
506981
507297
507426
507685
507775
508093
508119
508254
508273
508399
508469
508544
508902
509101
509370
509486
509529
509569
509630
509827
509862
509922
510073
510125
510288
510348
510546
510597
511151
511406
511714
511956
511972
512005
512185
512189
512611
512616
512837
512885
513394
513438
513467
513470
513667
514049
514394
514555
514590
514739
515157
515309
515715
516440
516650
517201
517406
517743
517841
517874
518086
518134
518381
518811
518924
518950
518984
519076
519103
519161
519316
519403
519522
519891
519900
520094
520122
520888
521044
521189
521269
521726
522043
522508
522613
522859
522974
523091
523331
523581
523646
523965
523993
524046
524163
524600
524789
525447
525451
525573
525614
525681
525705
525806
525995
526224
526298
526468
526510
526629
526841
526856
527010
527088
527254
527260
527290
527358
527692
527890
528118
528429
529100
529226
529587
529695
530175
530352
530352
530619
530756
530761
530873
530877
531369
531370
531625
532202
532446
532703
533230
533387
533457
533888
534002
534328
534379
534449
534713
534784
534823
534840
535061
535121
535301
535308
535470
535514
535548
535659
535926
536008
536300
536502
536640
537004
537019
537529
537732
537914
538398
538436
538484
538485
538659
538695
538813
538881
539343
539455
539584
539585
540251
540354
540600
540673
540729
540864
540997
541176
541295
541582
541929
542001
542364
543072
543236
543269
543361
543389
543640
544226
544355
544375
544535
544536
545139
545331
545412
545454
545562
545763
545764
545901
545926
545940
546009
546026
546412
546431
546757
546771
546918
547150
548232
549351
549481
549641
549837
549934
549967
550073
550179
550213
550305
550372
550455
550537
550826
550833
551224
551269
551516
551523
551637
552505
553067
553125
553168
553200
553352
553511
553775
554022
554174
554463
554709
555112
555156
555190
555779
556097
556296
556378
556595
556625
556631
557249
557256
557491
557532
557763
557844
557926
558073
558255
558735
558833
559144
559331
559527
559720
559728
559864
560690
560747
560809
560838
561207
561232
561343
561796
561800
562089
562213
562232
562266
562594
562809
563055
563131
563194
563473
563499
563611
564053
564169
564274
564293
564433
564434
565052
565112
565141
565229
565643
565833
565854
565917
566007
566071
566185
566387
566697
566727
567085
567100
567318
567414
567517
567641
567658
567743
568419
568614
568650
568799
568945
569292
569307
569418
569628
569855
570126
570281
570820
570947
571123
571241
571272
571294
571505
571723
572199
572241
572415
572505
572580
572787
572833
572840
573126
573410
573558
574807
574958
575111
575180
575496
575740
575882
575953
575958
575977
576001
576047
576121
576278
576503
576613
576873
577367
577507
578157
578384
578798
579047
579049
579393
579743
580051
580077
580538
580695
580950
581124
582061
582133
582240
582245
582560
582565
582858
583266
583367
583418
583649
583715
583981
584483
584631
584752
584960
585059
585089
585647
585728
585802
585931
586066
586145
586719
586739
586896
587028
587663
587818
588008
588043
588230
588263
588312
588376
588426
588914
589366
589619
589803
589967
590070
590284
590313
590469
590539
590698
591041
591108
591327
591328
591387
591584
591937
592970
592976
593185
593248
593364
593449
593496
593718
593722
593776
594005
594025
594431
594437
594560
595238
595301
595420
595619
595848
596068
596504
597247
597593
597712
597723
597734
597959
598069
598364
598585
598883
598894
599041
599208
599393
599558
599693
599922
600034
600111
600316
600397
600724
600749
600833
600860
600896
601008
601070
601233
601324
601486
601508
601790
601884
601889
601954
602577
602685
603249
603485
603675
604033
604040
604050
604408
604449
604481
604667
604672
604731
604767
604928
605291
605298
605794
605859
606250
606312
606582
607088
607203
607396
607431
607483
607558
607754
607905
608070
608126
608153
608240
608344
609215
609806
609878
610183
610327
610359
610471
610587
611161
611257
611285
611286
611340
611698
612250
612271
612678
612683
613060
613184
613267
613951
614100
614690
614792
614821
614917
615075
615393
615486
615757
615914
616157
616212
616650
616827
616872
617085
617197
617353
617540
617919
618031
618122
618212
618380
618384
618398
618585
619136
619192
619237
619569
619583
619614
619798
619859
619863
619912
619932
620221
620222
620274
620909
621296
621734
621954
622617
622620
622835
622843
623302
623517
624034
624197
624308
624321
624504
624700
624889
625153
625265
625300
625352
625533
625577
625721
625816
626166
626173
626266
626401
626456
626888
627125
627279
627512
627674
627777
628066
628076
628259
628707
629591
629724
629745
629796
629956
630081
630714
630775
631332
631362
631373
631467
631922
632144
632287
633002
633525
633996
634441
634552
634554
634616
635384
635433
635926
636386
636942
637068
637250
637580
637670
638071
638278
638511
638592
638893
638948
639384
639653
639954
640114
640643
641109
641182
641516
641535
641560
641780
642088
642312
642418
642881
642899
642909
642956
642992
643050
643103
643135
643273
643307
643413
643653
643676
643704
643723
643730
643762
643980
644509
644571
644591
644874
644945
645202
645564
645652
645657
645700
645977
646162
646317
646343
646433
646540
646961
647037
647080
647168
647178
647352
648105
648705
648899
648931
649082
649395
649512
649811
650011
650063
650161
650232
650249
650426
650609
650644
650718
651694
651720
651732
652601
652687
653072
653136
653218
653294
653602
653611
653731
653746
653933
653960
654038
654115
654186
654272
654471
654471
654568
655220
655529
655546
655651
655756
655831
656124
656526
656722
656790
657039
657044
657570
658123
658313
658555
658679
659002
659101
659216
659423
659668
659835
659971
660101
660813
660871
660936
661053
661382
661536
661630
661883
661895
662314
662939
663118
663137
663176
663234
663299
663308
663604
664515
664572
664676
664954
665210
665460
665883
665965
665998
666008
666536
666701
666738
666872
666979
667239
667321
667386
667649
668651
668694
668993
669158
669553
669966
670689
670814
671311
671480
671632
671632
671874
671882
671983
672282
672399
672482
672593
672603
672853
672989
673527
673655
673843
673849
673858
673955
674068
674429
674470
674631
674841
675008
675115
675156
675246
675335
675408
676066
676873
677742
677822
678473
678519
678777
678779
679071
679211
679293
680008
680554
680788
681385
681537
681879
682058
682077
682136
682138
682249
682662
683150
683423
683475
683544
683768
683807
683813
683822
683850
683887
684059
684080
684683
685431
685659
685790
685888
686144
686621
686725
687066
687090
687253
687473
687504
687895
687916
688002
688209
688289
688437
688592
688669
688885
688953
689280
689336
689382
689680
689929
689954
690122
690142
690274
690385
690410
690574
690687
690740
690785
691105
691215
691240
691383
692087
692164
692442
692588
692745
692748
693027
693100
693183
693333
693564
693939
694693
695030
695241
695519
695582
695720
695808
696485
696502
696884
697162
697233
697474
697537
697544
697641
697809
698020
698265
698512
698616
698818
699019
699031
699215
699625
699906
699934
699945
700021
700260
700277
701002
701259
701495
701516
701979
702001
702269
702334
702589
702684
702816
703254
703576
703603
703704
703902
703980
704600
704643
704861
704883
705201
705420
705822
706000
706276
706290
706454
706775
707244
707250
707731
707754
708310
708473
708518
708857
709372
709399
709665
709672
709740
710043
710072
710546
710556
710898
710935
711178
711337
711366
711595
711705
711859
711963
712141
712210
712321
712465
713021
713058
713142
713168
713394
713526
713614
713732
713910
714029
714183
714191
714591
714611
714958
715055
715378
715387
715524
716148
716304
716368
716389
716493
718502
718560
718631
719153
719559
719714
719915
720175
720925
720977
721115
721498
721801
721935
722461
722706
723662
724006
724104
724590
725158
725437
725514
725853
726443
727036
727275
727757
727952
728179
728774
728856
728902
728930
728995
729306
729343
729347
729628
730068
730080
730243
730534
730813
731095
731106
731522
731748
731946
732032
732054
732246
732303
732311
732604
732637
732902
733333
733449
733936
734511
734609
735008
735159
735248
735328
735694
736197
736202
736275
736521
736587
736720
736800
736853
736886
737135
737277
737368
737439
737469
737690
737783
737879
738128
738279
738741
739023
739492
739495
739783
739911
740069
740073
740166
740237
740358
740362
740617
740664
741066
741515
741782
741929
742391
742744
743188
743314
744024
744225
744384
744484
744699
744762
745366
745446
745616
745661
745811
746014
746051
746168
746235
746321
746337
746356
746700
746843
747080
747103
747571
747700
747789
747886
748070
748342
748556
748626
748652
748727
748797
749225
749242
749302
749390
749476
749538
749665
749790
750169
750215
750251
750545
750961
751047
751070
751113
751395
751510
751716
752201
752415
752489
752621
752735
752765
753062
753299
753308
753620
754204
754452
754602
754866
755061
755181
755310
755340
755592
755782
755963
756189
756314
756405
756439
756709
756957
756974
757129
757236
757373
757715
757864
757903
758546
758995
759514
760035
760256
760511
760741
760869
760940
761155
761167
761387
761780
761885
761931
762251
762292
762482
762884
763101
763422
763644
763762
763770
764333
764730
764910
764991
765345
765571
765728
766119
766327
766359
766390
766749
766780
767012
767569
767734
768096
768215
768815
769262
769317
769482
769576
770187
770618
770705
770755
770855
771127
771550
771625
771628
772026
772088
772624
772624
772669
772901
774110
774533
775089
775186
775293
775375
775610
775628
775838
776025
776433
776771
776893
777489
777540
777689
778189
778503
778684
778810
778849
778955
779204
779252
779268
779434
779917
780027
781006
781178
782052
782202
782210
782478
782509
782517
782691
782809
783191
783533
783694
784040
784043
784084
784470
784504
784961
785120
785208
785435
785496
785843
786412
786580
786636
786713
787030
787200
787279
787537
787819
787910
788391
788412
788450
788637
789076
789102
789490
789661
790143
790451
790626
790697
790930
791168
791190
791508
791963
791995
792031
792103
792176
792204
792543
792571
792774
792796
792947
792960
792977
793068
793077
793128
793261
793385
793513
793631
794215
794643
794678
795017
795076
795557
795611
796247
796346
796496
796618
796873
796921
797008
797043
797175
797187
797357
797512
798561
798952
799505
799806
799954
800323
800386
800432
800504
800829
801021
801193
801238
801586
801673
801734
801901
801944
802280
802448
802654
803012
803567
803876
804171
804318
804496
804603
804608
804620
804755
804852
805533
805782
805953
806161
806247
806399
806936
806943
806959
807012
807137
807170
807550
807732
808008
808164
808254
808293
808839
808905
808954
809032
809242
809246
809480
809684
809701
810018
810314
810420
810588
810601
810753
811584
811828
812060
812570
812737
812857
812969
812976
813746
813814
813925
814136
814262
814285
814412
814815
814837
814872
814935
815198
815444
815489
815595
815606
815985
816461
816756
816941
816961
817091
817632
817771
818224
818261
818423
818610
818911
819231
819260
819402
819696
819856
820666
820693
821257
821277
821312
821713
822361
822406
822478
822481
822581
822665
822970
823152
823206
823261
823659
823879
824289
824532
825153
826044
826395
826445
826947
826973
826976
827025
827242
827475
827516
827541
828334
828457
829289
829742
830221
830599
830918
831102
831489
831573
831809
832140
832195
832388
832511
832595
832790
833171
833245
833303
833330
833405
833472
833486
833548
833591
834034
834379
834557
834736
834973
834981
835035
835695
835772
835986
836114
836135
836289
836727
837433
837485
837507
837510
837615
837901
838065
838403
838542
838557
838579
839085
839518
839641
839649
839835
839866
840046
840142
840280
840590
840647
840921
840934
841082
841268
841395
841806
842030
842194
842313
842321
842586
842607
842837
843300
843529
843574
843982
844063
844127
844704
844859
844883
844906
845097
845314
845324
845553
845569
845659
845852
846001
846225
846730
847053
847173
847301
847349
847367
847479
847543
847574
847579
847606
847855
847967
848270
848414
848693
848840
849171
849180
849194
849265
849482
849757
849897
850074
850440
850552
850773
851064
851112
851245
851267
851324
851917
851965
852038
852345
852422
852655
852839
852969
853018
853267
853482
853880
854007
854073
854120
854330
854536
854691
854734
855230
855647
855821
855934
855951
856413
856669
856986
857070
857145
857540
857678
857933
857980
858077
858628
858847
859104
859266
859298
859352
859387
859501
860422
860704
861238
861241
861713
861953
862327
862470
862638
862782
862804
862820
863067
863168
863263
863929
864085
864200
864409
864548
864615
864710
864816
864918
865551
865793
865808
865877
866550
866685
866853
866883
867077
867172
867192
867221
867503
867610
867732
867842
867848
867924
868010
868146
868282
868323
868508
868587
868787
869023
869335
869480
869658
869943
870353
870649
870680
870930
871341
871964
872323
872372
872397
872509
872574
872950
873011
873254
873312
873543
873553
873697
873799
873982
874299
874484
875597
875814
875889
876092
876488
876898
877072
877109
877509
877743
878189
878402
879172
879303
879757
879973
880011
880128
880516
880764
880841
880952
881189
881282
881486
881807
882256
882418
882536
882654
882682
882734
883107
883167
883285
883333
883365
883630
884025
884107
884206
884271
884511
884568
884591
885049
885296
886116
886304
886423
886710
886763
886795
886813
886894
887271
887476
887722
888790
888827
888877
889335
889566
889905
889993
890190
890204
890305
890315
890363
890429
890527
890785
890807
890814
890841
890941
891104
891144
891610
891873
892174
892506
892520
892816
892942
893494
893807
893823
893869
893979
894003
894345
894467
894471
894721
894795
895007
895359
895548
895621
895678
895783
896187
896288
896639
896643
896924
897001
897041
897273
897599
898000
898303
899075
899323
899343
899480
899501
899758
899786
899914
900294
900535
900540
900650
900711
901088
901551
901789
901793
901855
902090
902303
902578
903440
903505
903533
903608
903608
903727
904120
904179
904205
904224
904532
904555
904566
904642
904724
905025
905175
905224
905665
905747
906049
906147
906234
906498
906778
906882
906882
906962
907487
907771
907984
908076
908122
908296
908345
908876
908992
909076
909900
910626
910705
911959
912115
912410
912788
912902
913116
913238
913339
913537
913615
913848
914059
914331
914409
915379
915681
915953
916411
916834
916836
917186
917872
918073
918462
918619
918726
919023
919204
919249
919442
919622
919756
920055
920096
920590
921220
921390
921934
923255
923378
923611
923628
924588
925366
925618
925988
926237
926459
926499
926499
926841
926852
927303
927448
927674
927904
928031
928051
928153
928291
928442
928457
928521
928574
928840
929182
929432
929693
930095
930318
930475
930706
930707
931119
931126
931156
931168
931193
931265
931397
931545
931837
932029
932502
932570
932664
932778
933051
933054
933330
933487
933509
933733
933940
933943
934006
934095
934175
934307
934332
934358
934527
934693
934743
934836
934933
935269
935318
935758
935919
936061
936152
936376
936808
936868
937140
937275
937364
937517
937778
937936
937960
938559
938941
939304
939321
939334
939399
939768
939790
940029
940366
940605
940642
940656
940794
940879
940881
940948
941043
941057
941681
941690
941751
941759
941916
942007
942251
942632
942868
942942
943321
943516
943569
943794
944085
944236
944255
944271
944281
944749
944837
945358
945428
945539
945618
945664
945742
946038
946106
946243
946298
946541
946576
946755
946788
946875
947026
947220
947346
947503
947554
947594
948071
948075
948088
948852
949004
949090
949120
949137
949434
949881
950101
950102
950163
950303
950391
950572
950654
950780
950812
950952
950998
951106
951646
951771
951933
951975
952484
952563
952638
952717
952881
952963
952992
953170
953564
953905
954430
954476
954568
954616
954645
954654
954859
954998
954998
955159
955423
955656
955703
956007
956020
956058
956315
956973
956977
957169
957544
957651
957746
957866
957910
958229
958668
959093
959217
959264
959332
959535
959613
960387
960521
960526
960738
960885
961190
961448
961917
962199
962733
962864
963012
963029
963055
963417
963557
964057
964678
964701
964789
965102
965399
965596
965682
965856
966107
966548
966714
966860
966925
967877
968048
968102
968275
968503
968964
969043
970043
970419
970489
970637
970764
971074
971188
971513
972002
972212
972859
972883
973064
973422
973475
973497
973969
973991
974024
974451
974593
974724
974761
974778
974802
975022
975065
975136
976019
976950
977143
977427
977663
977899
977907
978010
978186
978320
978458
978902
978979
979632
979716
979723
979729
979789
980043
980633
980655
980724
981006
981061
981415
981565
981642
981734
981769
982112
982448
982501
982597
982738
982783
982841
982914
983305
983514
983824
984324
984407
984499
984574
984575
984805
984869
984930
985013
985061
985274
985405
985493
985547
985697
985742
985781
986139
986153
986363
986442
986932
987214
987318
987396
987753
988071
988251
988512
988814
988996
989566
989880
990015
990049
990093
990199
990426
990426
990503
990521
990524
990529
990541
990755
990901
990988
991628
992103
992189
992875
992998
993073
993345
993430
994114
994618
994632
994892
995103
995520
995661
995843
995869
995920
995948
997205
997400
997569
997819
997841
997863
997885
998173
998265
998328
998505
998873
999857
999952
