238
485
848
945
1111
1131
1203
1273
1284
1452
1527
1556
1560
1795
1999
2087
2142
2148
2252
2448
2456
2522
2633
2697
2803
3018
3286
3487
3744
3889
3969
4173
4228
4263
4435
4450
4547
4696
4738
4742
4996
5046
5189
5258
5372
5489
5520
5762
5814
5880
5950
6042
6100
6170
6350
6381
6385
6404
6454
6481
6484
6484
6592
6686
6778
6876
6904
6981
7133
7163
7175
7233
7294
7336
7373
7374
7558
7575
7583
7748
7924
7952
7954
8008
8056
8058
8075
8141
8175
8197
8213
8294
8451
8457
8482
8553
8573
8886
8939
8976
8989
9014
9099
9194
9201
9204
9320
9494
9908
9939
10153
10213
10472
10777
10835
10856
11032
11051
11333
11841
12131
12147
12173
12176
12340
12457
12506
12564
12677
12779
12797
12882
12891
13112
13205
13232
13291
13358
13410
13631
13681
13690
13828
13868
13931
13960
14240
14466
14574
14583
14615
14620
14694
14725
14749
14863
14889
14931
14985
15025
15233
15359
15517
15538
15610
15613
15720
15746
15822
15906
16012
16173
16211
16516
16631
16898
16969
17103
17127
17164
17226
17337
17519
17578
17679
17783
17836
17867
17962
18133
18404
18518
18579
18686
18753
18762
18926
19090
19109
19267
19477
19619
19747
19796
19875
19897
20220
20297
20321
20324
20411
20431
20537
20717
20765
20770
20784
20913
21134
21209
21282
21350
21364
21413
21414
21443
21451
21580
21773
21852
21990
22163
22218
22255
22277
22336
22339
22344
22432
22447
22523
22573
22720
22800
23038
23318
23752
23815
24054
24322
24766
24799
24913
24925
25074
25164
25336
25411
25593
25762
25959
25971
26046
26107
26256
26344
26508
26546
26749
26830
27195
27386
27534
27560
27731
27931
28279
28515
28553
28694
28916
28983
29173
29570
29630
29774
29903
29931
29993
30002
30028
30368
30564
30652
30682
30683
30884
30926
31024
31204
31554
31689
32043
32116
32203
32206
32233
32277
32599
32619
32633
33273
33296
33308
33359
33409
33856
34037
34100
34201
34215
34245
34302
34304
34337
34415
34579
34599
35077
35080
35088
35132
35255
35328
35519
35690
35718
35856
35859
35998
36401
36418
36424
36536
36582
36590
36871
36904
36978
36981
37010
37136
37308
37337
37449
37607
37659
37874
37931
38410
38499
38532
38601
38671
38810
38829
39096
39209
39211
39274
39279
39392
39692
40053
40147
40285
40338
40379
40390
40405
40426
40435
40555
40607
40656
40758
41181
41228
41357
41590
41590
41752
41850
41867
41918
41936
42145
42208
42273
42411
42653
42679
42741
42820
42939
42973
43084
43384
43422
43646
44172
44234
44248
44273
44339
44341
44371
44449
44523
44696
44728
44777
45087
45177
45335
45361
45434
45505
45573
45624
45706
45725
45763
45814
45969
46009
46213
46295
46383
46435
46436
46466
46544
46630
46657
46743
46795
46854
46905
46980
47186
47258
47274
47293
47445
47513
47733
47747
47749
47752
47772
47854
47958
48070
48161
48189
48199
48224
48361
48429
48462
48720
48817
48946
49072
49242
49268
49531
49575
49612
49634
49874
50180
50257
50313
50381
50460
50551
50680
50780
50970
51194
51196
51292
51341
51412
51540
51543
51764
51809
51821
51993
52036
52284
52357
52364
52573
52607
52803
52870
52922
52923
53079
53090
53100
53294
53348
53381
53456
53509
53621
53661
53709
53837
53888
54017
54090
54095
54335
54490
54529
54615
54680
54797
54844
54872
54894
55252
55266
55296
55697
55729
55740
55867
55867
55868
56031
56115
56120
56303
56414
56465
56913
56919
57053
57217
57400
57455
57476
57644
57669
57676
57772
57910
58295
58303
58325
58407
58547
58583
58645
58788
58818
58822
58978
59105
59178
59219
59226
59267
59376
59385
59437
59632
59672
59732
59943
60005
60080
60226
60301
60336
60417
60525
60799
60902
60912
61028
61233
61265
61281
61659
61700
61706
61882
62394
62629
62796
62958
62966
63001
63113
63228
63272
63280
63367
63427
63498
63767
64073
64304
64530
64618
64856
64871
64965
65073
65125
65167
65212
65241
65498
65592
65610
65611
65803
65867
65977
66000
66012
66077
66196
66282
66345
66521
66522
66598
66648
66655
66872
66944
67125
67321
67364
67407
67546
67595
67679
67766
67848
67859
67898
67996
68035
68090
68103
68189
68365
68421
68452
68757
68761
68891
68909
69128
69215
69223
69609
69874
69885
70475
70736
70747
70838
70903
70935
71020
71306
71376
71398
71522
71661
71774
71863
71871
71991
72081
72089
72340
72379
72392
72613
72686
72754
72856
73055
73061
73151
73200
73275
73367
73371
73520
73576
73599
73599
73747
74153
74239
74241
74287
74489
74641
74696
74720
75110
75289
75330
75534
75654
75683
75700
75740
75762
75787
75998
76193
76200
76309
76338
76342
76508
76616
76795
76824
76832
76851
76948
77065
77100
77103
77301
77400
77508
77528
78014
78045
78103
78175
78224
78243
78441
78769
78779
78916
79058
79132
79145
79208
79230
79256
79315
79350
79574
79577
79606
79678
79886
79964
80019
80269
80335
80370
80384
80473
80581
80607
80721
80751
80755
81004
81538
81641
81968
82078
82120
82331
82345
82375
82422
82658
82680
82681
82750
82866
82940
83059
83068
83160
83207
83216
83242
83250
83251
83331
83433
83456
83471
83561
83572
83619
83719
83724
83951
83985
84027
84212
84226
84341
84370
84420
84574
84613
84663
84723
84731
84903
84904
84976
85030
85044
85125
85139
85165
85238
85287
85443
85496
86203
86210
86441
86673
86770
86779
86803
86913
86958
86999
87119
87197
87352
87460
87482
87543
87590
87600
87676
87714
87796
87860
87894
88151
88162
88299
88391
88665
88670
88748
89027
89036
89082
89103
89381
89396
89544
89607
89651
90162
90164
90194
90344
90425
90529
90579
90800
90971
91010
91192
91219
91248
91304
91315
91422
91715
91725
91790
91806
91820
91840
92004
92307
92331
92439
92651
92697
92720
92772
92913
93249
93291
93402
93427
93690
93694
93731
93748
93781
93843
93881
94036
94064
94124
94280
94317
94509
94684
94937
94998
95038
95107
95193
95269
95280
95287
95315
95374
95445
95514
95572
95588
95751
95899
95916
95942
95964
96126
96282
96488
96506
96553
96585
96637
96978
96986
97034
97064
97094
97210
97581
97613
97629
97777
97891
98052
98121
98122
98143
98155
98317
98419
98436
98986
98988
99059
99122
99258
99314
99499
99576
99655
99707
99877
99985
100046
100069
100070
100074
100234
100376
100471
100529
100536
100669
100826
101113
101195
101301
101370
101376
101446
101569
101848
101919
102138
102187
102340
102345
102433
102543
102589
102603
102716
102753
103038
103122
103192
103224
103664
103689
103770
103797
103845
103926
103945
104243
104345
104377
104456
104460
104488
104569
104670
104718
104889
104994
105015
105299
105627
105946
105973
106082
106350
106444
106857
106974
107052
107287
107395
107682
107751
107819
107872
108142
108256
108329
108667
108700
108740
108740
108801
108934
109241
109295
109307
109333
109370
109469
109540
109661
109887
109921
109934
109995
110012
110069
110122
110150
110176
110224
110241
110288
110429
110561
110637
110693
110735
110791
110929
110950
111059
111116
111461
111486
111514
111635
111662
112219
112346
112554
112557
112576
112669
112712
112713
112829
112843
112886
112985
112990
113205
113347
113574
113622
113652
113685
113700
113713
113942
114278
114282
114422
114438
114525
114528
114598
114832
114856
114871
114923
114981
115008
115235
115245
115246
115393
115480
115543
115573
115594
115649
115658
115960
116169
116328
116349
116627
116840
117042
117169
117171
117173
117193
117206
117230
117425
117470
117505
117641
117679
117709
117833
118028
118087
118096
118118
118177
118270
118326
118385
118550
118569
118732
118755
118913
118950
119081
119098
119282
119298
119362
119502
119716
119789
119792
119887
119996
120029
120035
120081
120276
120437
120665
120789
120821
121043
121383
121744
122157
122224
122297
122361
122481
122543
122553
122560
122716
122751
122762
122803
122851
122894
122997
123011
123213
123219
123265
123276
123306
123410
123426
123656
123721
123727
124016
124333
124357
124377
124485
124528
124676
124806
124823
124890
125148
125207
125601
125723
125775
125779
125808
125932
125937
126219
126446
126471
126520
126569
126845
126884
127068
127374
127520
127722
127751
127793
128024
128142
128186
128242
128247
128433
128896
129100
129452
129519
129625
129686
129767
129903
129984
130061
130104
130187
130197
130239
130398
130457
130477
130696
130730
130963
131172
131238
131442
131489
131520
131898
132043
132279
132301
132333
132351
132353
132524
132673
132782
132792
132807
132936
133092
133151
133226
133271
133314
133438
133528
133550
133557
133944
134088
134127
134135
134334
134912
135015
135124
135446
135494
135653
135911
136150
136296
136365
136487
136512
136524
136796
136968
137137
137235
137249
137420
137474
137548
137560
137768
137790
137803
137829
137841
137926
137954
137995
138083
138195
138302
138331
138386
138513
138518
138530
138842
138852
138989
139190
139350
139352
139397
139508
139528
139538
139562
139808
139878
139889
140013
140066
140736
140761
140833
140871
141085
141169
141198
141375
141378
141504
141634
141781
141804
141912
142281
142310
142313
142381
142403
142560
142811
143034
143086
143147
143158
143175
143275
143580
143597
143797
143804
143817
143824
143926
143955
144052
144073
144236
144528
144806
144808
144997
145105
145163
145219
145527
145700
145815
145976
145982
146239
146301
146542
146632
146804
147048
147072
147090
147238
147322
147488
147489
147593
147659
147668
147870
147984
148119
148166
148177
148206
148238
148259
148308
148361
148425
148449
148496
148512
148734
148747
148780
148865
148886
149098
149099
149184
149235
149269
149372
149644
149820
149822
149902
149940
149958
150009
150046
150285
150453
150567
150804
150805
150886
150957
151035
151212
151350
151572
151713
151713
151898
151914
151919
151927
151947
152151
152229
152271
152400
152419
152498
152619
152685
152851
152854
152942
153068
153337
153473
153551
153740
153783
153840
153930
153938
153950
153975
154272
154308
154347
154463
154637
155005
155189
155223
155293
155426
155437
155445
155515
155523
155526
155694
155727
155802
156025
156063
156246
156512
156587
156587
156605
156873
157025
157054
157062
157113
157197
157316
157446
157465
157489
157629
157706
157886
157924
158022
158078
158161
158184
158199
158251
158258
158308
158428
158436
158555
158641
158655
158871
159065
159093
159240
159307
159398
159415
159458
159492
159523
159645
159694
159737
159909
159934
160186
160209
160212
160258
160423
160455
160553
160624
160877
160923
160954
161004
161150
161500
161515
161526
161652
161702
161727
161918
161918
162062
162073
162329
162432
162574
162593
162602
162768
163012
163074
163088
163107
163162
163219
163377
163455
163479
163628
163668
163702
163957
164070
164118
164185
164286
164720
164768
164832
164840
164924
165047
165292
165308
165341
165475
165476
165478
165508
165570
165658
165713
165771
165958
166108
166145
166243
166283
166461
166558
166570
166639
166643
166722
166780
166810
166831
167041
167255
167413
167451
167523
167544
167597
167618
167648
167706
167710
167756
167767
167785
167888
167893
168366
168444
168540
168705
169155
169438
169649
169725
169777
169798
169866
169877
170021
170074
170242
170372
170468
170576
170910
170916
171075
171171
171228
171282
171294
171499
171526
171533
171746
171791
171859
171918
172001
172097
172146
172188
172454
172509
172528
172655
172696
172810
173087
173581
173589
173602
173920
174030
174064
174298
174333
174458
174477
174598
175036
175049
175183
175195
175320
175456
175679
175812
175999
176174
176325
176402
176569
176604
176628
176875
176912
176943
177287
177417
177444
177601
177602
177741
177776
178143
178256
178778
178794
178862
178922
178954
179023
179136
179199
179314
179384
179406
179607
179625
179898
179902
180002
180020
180164
180165
180378
180500
180633
180666
181106
181110
181159
181189
181213
181289
181367
181403
181572
181592
181608
181627
181693
181980
182055
182303
182471
182532
182558
182695
182796
182840
182920
183026
183077
183196
183294
183382
183453
183537
183651
183724
183729
183854
183984
184094
184119
184151
184183
184222
184287
184326
184342
184352
184495
184505
184536
184774
184842
185034
185050
185095
185230
185340
185347
185592
185625
185693
185719
185727
185981
186057
186072
186132
186316
186366
186550
186585
186610
186612
186665
186802
186965
187010
187039
187078
187384
187431
187514
187622
187626
187676
187685
187700
187730
187861
188076
188098
188152
188204
188233
188254
188461
188514
188611
188733
188859
188952
188959
189105
189227
189354
189391
189397
189443
189522
189591
189690
189744
189775
189842
189855
189980
189996
190000
190191
190276
190502
190506
190617
190812
190987
191076
191207
191244
191451
191543
191689
191744
191756
191831
191894
192048
192288
192453
192714
192845
192930
192949
193133
193284
193505
193550
193565
193597
193680
193822
193850
193988
194024
194111
194143
194207
194231
194239
194269
194568
194866
194900
194913
195002
195267
195404
195437
195478
195700
195709
195821
196144
196167
196188
196505
196550
196562
196647
196687
196895
196948
196954
196962
196968
196988
197054
197306
197356
197531
197540
197587
197737
197904
197956
197978
197994
198129
198299
198560
198652
198764
198867
198875
198951
198992
199026
199127
199148
199177
199204
199210
199223
199333
199366
199616
199630
199649
199708
199753
199756
199920
199937
199960
199962
199986
200055
200105
200308
200323
200393
200550
200638
200702
200889
201043
201181
201250
201319
201343
201355
201415
201566
201828
201990
202243
202357
202405
202531
202726
202796
202927
202952
203076
203108
203114
203118
203384
203446
203561
203697
203853
203909
203990
204440
204444
204562
204572
204575
204801
204845
204923
205026
205029
205118
205190
205192
205362
205530
205598
205772
205827
205850
205928
206006
206195
206271
206321
206472
206493
206520
206530
206585
206684
206720
206904
206973
207060
207136
207173
207352
207378
207428
207477
207557
207570
207720
207857
207896
207971
208043
208116
208332
208401
208585
208695
208754
208833
208993
209207
209249
209409
209454
209551
209578
209708
209766
209803
209816
209903
209920
209936
210030
210142
210176
210243
210313
210313
210320
210448
210455
210507
210559
210576
210583
210682
210689
210701
210879
210888
210889
210919
210926
211286
211333
211336
211391
211481
211535
211603
211624
211681
211727
212214
212289
212321
212341
212532
212663
212697
212748
212761
212972
213096
213144
213145
213332
213412
213550
213700
213779
214313
214500
214563
214972
215284
215318
215326
215505
215549
215843
215980
216145
216364
216439
216458
216485
216512
216657
216692
216806
216888
216915
216984
217023
217066
217144
217150
217410
217415
217642
217659
217665
217782
217846
218270
218279
218330
218359
218365
218537
218824
218847
218847
218885
218893
219067
219194
219212
219370
219392
219436
219481
219605
219739
219797
219884
219892
219972
220037
220073
220113
220321
220621
220757
220877
220921
220981
221050
221083
221305
221324
221903
222356
222508
222648
222735
222771
222803
222837
222872
222966
223058
223395
223473
223599
223695
223820
224697
224751
225100
225286
225628
225737
225865
226079
226094
226197
226207
226232
226450
226914
227112
227133
227180
227223
227228
227263
227429
227520
227565
227629
227784
227874
228089
228168
228496
228575
228630
228708
228806
228972
229042
229091
229240
229466
229726
229789
230181
230348
230704
230828
231064
231214
231292
231709
231739
231827
231865
232038
232062
232092
232170
232207
232237
232248
232323
232334
232348
232421
232628
232664
232802
232825
232844
232881
232909
232990
233032
233044
233172
233513
233516
233534
233543
233584
233612
233648
233775
233821
233957
234072
234222
234303
234367
234526
234560
234569
234717
234723
234956
235128
235247
235342
235419
235435
235552
235559
235867
235929
235931
236047
236134
236230
236485
236771
236859
236922
236965
237036
237169
237222
237224
237330
237352
237453
237535
237728
237769
237779
237790
237840
237890
237892
237942
238041
238047
238072
238097
238145
238160
238237
238362
238397
238554
238578
238615
238659
238674
238763
238808
238811
238896
239102
239263
239747
239971
239977
240146
240586
240627
240876
240899
241114
241117
241202
241220
241323
241711
241819
242227
242322
242562
242581
242588
242866
242966
243054
243430
243460
243527
243578
243654
243660
244003
244501
244503
244531
244541
244716
244794
245035
245069
245281
245512
245774
245804
245809
245814
245875
245917
246260
246392
246412
246417
246461
246497
246607
246809
246820
246922
246966
247047
247128
247128
247712
247799
248066
248080
248091
248117
248322
248328
248609
248627
248963
249060
249076
249218
249226
249230
249269
249381
249400
249518
249556
249635
249705
249755
249787
249872
250011
250018
250047
250067
250116
250140
250158
250168
250250
250340
250368
250387
250416
250597
250719
250767
250804
250908
250957
250976
251165
251483
251637
251754
251760
251828
251993
252047
252164
252236
252259
252333
252335
252362
252385
252424
252463
252583
253061
253137
253151
253198
253208
253369
253420
253524
253542
253600
253850
253887
254155
254278
254289
254342
254509
254698
255065
255158
255515
255581
255611
255677
255746
255906
255968
256327
256422
256508
256538
256626
256844
256932
257209
257243
257296
257370
257377
257406
257451
257519
257613
257733
257782
257806
257848
257875
257996
258106
258170
258173
258280
258294
258566
258605
258719
258792
258973
259067
259071
259119
259207
259291
259373
259430
259470
259509
259544
259613
259683
259689
259713
259812
260012
260315
260701
260721
261134
261315
261406
261553
261576
261735
261760
261824
261950
262144
262704
262937
263038
263197
263304
263378
263378
263403
263670
263673
263740
263986
264088
264109
264217
264276
264282
264359
264482
264905
265210
265299
265325
265333
265351
265546
265680
265784
265821
265838
265860
266107
266323
266430
266499
266576
266609
266618
266737
266792
266829
266893
267125
267457
267639
267735
267945
267957
267971
268096
268197
268535
268561
268595
268789
268794
268947
269009
269168
269231
269253
269559
269576
269665
270014
270154
270180
270186
270307
270352
270412
270476
270502
270570
270783
270909
270973
271168
271202
271204
271272
271618
271625
271646
271686
271697
271717
271826
271828
271840
271939
272226
272245
272478
272622
272632
272682
272814
273043
273075
273111
273178
273189
273200
273234
273289
273550
273647
273650
273947
273950
274014
274089
274145
274368
274450
274544
274584
274732
274880
275073
275308
275345
275427
275507
275532
275683
275964
276062
276104
276131
276305
276323
276355
276489
276757
276778
276913
276922
276993
276995
277120
277200
277379
277386
277768
277803
277852
277861
277953
277993
278084
278121
278240
278485
278527
278641
278973
279148
279182
279298
279572
279584
279633
279639
279644
279769
279896
279901
279972
280077
280209
280258
280319
280420
280441
280630
280676
280919
280987
281029
281242
281312
281462
281790
281839
281862
281874
282067
282106
282111
282242
282259
282378
282416
283283
283298
283320
283541
283635
283667
283687
283704
283827
283904
283954
284108
284117
284260
284488
284594
284639
284666
284699
284849
284861
285014
285063
285076
285183
285283
285330
285692
285754
285913
285981
286256
286314
286410
286432
286462
286572
286634
286914
286958
287033
287094
287219
287309
287365
287438
287541
287571
287606
287633
287739
287781
287852
287964
288031
288096
288104
288170
288219
288274
288362
288489
288504
288818
288869
288928
288988
289057
289161
289232
289308
289481
289760
289797
289941
289961
290633
290686
290856
290965
291083
291103
291168
291230
291399
291402
291444
291616
291711
291786
291886
292117
292165
292253
292267
292350
292359
292375
292543
292755
292805
292870
292901
292950
292961
292971
293198
293310
293627
293703
293716
293725
294044
294408
294425
294575
294580
294764
294976
295017
295085
295180
295254
295497
295509
295567
295576
295686
295745
295919
295960
295963
296166
296204
296364
296613
296705
296797
297319
297382
297406
297421
297554
297578
297666
297883
298005
298008
298043
298278
298354
298365
298367
298415
298553
298579
298599
298708
298991
299018
299049
299050
299319
299321
299336
299425
299560
299676
299811
299878
299960
300040
300051
300384
300422
300765
301174
301182
301389
301571
301909
301918
301943
302096
302266
302304
302442
302603
302720
302725
302866
302986
302990
303059
303119
303154
303162
303589
303808
303822
303935
303963
304028
304317
304442
304504
304674
304702
304702
304760
304865
304929
305035
305042
305054
305186
305494
305552
305695
305838
306090
306305
306627
306721
306946
307149
307159
307227
307229
307262
307303
307392
307486
307487
307729
307742
307744
307749
307925
308020
308177
308226
308297
308321
308340
308361
308438
308713
308757
308867
309035
309076
309144
309288
309467
309474
309479
309515
309600
309667
309788
310184
310217
310258
310290
310470
310528
310573
310597
310666
310759
310783
310842
310951
310990
311067
311100
311172
311283
311354
311620
311748
311971
311992
312013
312209
312262
312262
312275
312297
312628
312711
312929
313015
313037
313102
313353
313459
313512
313528
313743
313763
313879
313881
313958
314009
314178
314216
314253
314323
314356
314625
314705
314734
314786
314964
315317
315317
315319
315726
315832
315843
315862
316018
316134
316155
316173
316313
316363
316676
316705
316826
316870
316970
317065
317069
317117
317457
317747
317843
318101
318310
318348
318420
318455
318525
318878
319259
319372
319482
319528
319639
319793
320173
320189
320541
320784
320941
321150
321192
321238
321287
321301
321493
321506
321530
321659
321717
321822
321823
321980
322079
322107
322230
322635
322686
322755
322816
322923
323100
323135
323143
323149
323202
323422
323481
323642
323675
323696
323703
323894
324063
324091
324202
324655
324675
324793
325487
325572
325579
325610
325716
326113
326200
326710
326713
326771
326883
326940
327031
327113
327398
327432
327454
327510
327517
327592
327692
327880
327994
327997
328032
328042
328212
328220
328348
328364
328407
328446
328447
328876
328954
329031
329073
329252
329259
329276
329293
329465
329521
329623
329750
329915
329929
330126
330229
330344
330350
330401
330633
330704
330832
330987
331065
331133
331206
331263
331365
331383
331447
331518
331599
331610
331667
331669
331700
331708
331734
331807
331959
331961
332074
332138
332326
332390
332529
332705
332778
332785
333132
333190
333222
333252
333272
333363
333527
333897
333940
334015
334124
334155
334268
334316
334338
334416
334457
334529
334626
334887
335157
335197
335385
335680
335728
335775
335806
335832
335839
335878
335913
335962
336041
336102
336271
336546
336773
336913
336939
337066
337150
337164
337174
337217
337225
337276
337520
337619
337676
337746
337826
337861
337874
338234
338360
338388
338740
338929
338957
339097
339127
339174
339249
339264
339396
339512
339545
339580
339718
339783
339822
339938
339995
340005
340116
340194
340417
340417
340594
340932
340950
341020
341227
341286
341299
341330
341446
341459
341775
341841
341895
341959
342113
342237
342270
342281
342542
342622
342702
342817
342834
342851
342880
342910
342989
343107
343165
343278
343334
343428
343482
343736
343768
343952
343980
344072
344127
344202
344259
344414
344458
344580
344585
344648
344821
344934
344964
345170
345325
345452
345596
345951
345954
346000
346057
346085
346171
346261
346368
346799
346817
346944
347160
347251
347321
347361
347721
347955
347980
348151
348243
348264
348271
348325
348399
348399
348409
348413
348454
348612
348813
349018
349029
349106
349142
349177
349187
349201
349231
349236
349279
349323
349477
349587
349989
350045
350087
350145
350147
350436
350523
350678
350707
350727
351040
351248
351283
351367
351406
351477
351512
351535
351626
351640
351806
351815
351863
351866
351930
352191
352339
352423
352619
352690
352787
352829
352892
352902
352954
353040
353078
353079
353085
353089
353115
353188
353188
353268
353467
353568
353887
353891
353971
354103
354277
354349
354356
354506
354554
354733
354780
354901
355036
355047
355049
355326
355454
355527
355559
355626
355646
355968
356010
356030
357002
357193
357274
357598
357981
358150
358293
358411
358617
358660
358680
358710
358764
358851
358897
359144
359184
359252
359370
359459
359622
359679
359707
359836
359896
359985
360019
360037
360159
360269
360349
360482
360574
360582
360665
360721
360827
360980
361021
361155
361408
361445
361448
361721
361725
361839
361853
362011
362080
362201
362251
362315
362384
362506
362571
362605
362748
362838
362872
362881
362885
363014
363030
363298
363300
363382
363516
363527
363562
363622
363646
363718
363820
363981
364058
364389
364648
364709
364714
364846
364928
364948
364962
364978
365515
365552
365570
365738
365790
365884
365886
366140
366142
366231
366355
366420
366593
366641
366665
366667
366677
366677
366728
366750
366928
367084
367126
367237
367390
367522
367527
367617
367813
367865
368022
368116
368387
368857
368899
369138
369452
369501
369814
369848
369913
370015
370026
370092
370139
370260
370413
370420
370426
370560
370697
370799
370871
371180
371481
371763
371814
371892
371893
372098
372233
372322
372775
372807
373048
373232
373325
373364
373408
373425
373605
373612
373704
373814
373948
374030
374091
374169
374194
374194
374324
374490
374539
374540
374859
375121
375253
375311
375429
375516
375842
376009
376035
376127
376254
376471
376508
376697
376725
376970
377082
377176
377249
377293
377323
377437
377629
377742
377753
378014
378033
378099
378119
378441
378494
378612
378662
378740
378888
379190
379361
379500
379521
379621
379659
379903
380182
380285
380344
380469
380528
380751
380761
380813
380901
380947
380957
381305
381312
381370
381751
381965
382046
382124
382129
382140
382198
382335
382484
382575
382703
382704
382816
383291
383296
383314
383338
383345
383360
383430
383507
383594
383636
383772
384015
384101
384173
384297
384479
384543
384700
384769
384868
384885
384988
385261
385337
385342
385436
385492
385499
385517
385629
385808
385964
385972
385993
386037
386186
386256
386263
386307
386356
386466
386648
386763
386775
386825
386960
387013
387064
387125
387244
387317
387459
387703
387708
388004
388114
388144
388263
388275
388460
388516
388618
388653
388848
389080
389148
389425
389505
389583
389670
389671
389844
389904
390068
390311
390318
390384
390459
390697
390936
390956
390983
391033
391099
391348
391510
391540
391677
391927
391959
391965
392048
392176
392413
392473
392681
392746
392782
392808
393073
394142
394198
394284
394287
394386
394411
394458
394806
394865
395001
395111
395124
395128
395181
395237
395267
395394
395581
395713
395732
395802
395917
396153
396430
396492
396585
396839
396865
397062
397202
397229
397283
397345
397429
397544
397553
397565
397574
397685
397969
397993
398211
398354
398428
398475
398504
398825
398920
399032
399111
399133
399234
399410
399490
399622
399925
400147
400149
400292
400442
400458
400542
400755
400770
400774
400822
400911
400915
400955
401025
401166
401433
401498
401629
401789
401834
401843
401854
402058
402112
402422
402719
402917
403333
403537
403670
403805
403881
403899
403981
404081
404137
404250
404271
404375
404595
404840
404861
404928
405080
405085
405186
405415
405497
405832
405886
405923
406064
406243
406287
406632
406671
406887
406896
406935
406984
407019
407031
407252
407345
407349
407406
407431
407790
408062
408110
408201
408219
408586
408630
408798
408985
409050
409272
409494
409557
409650
409829
410065
410079
410125
410187
410222
410319
410322
410363
410399
410734
410939
411108
411124
411127
411146
411279
411348
411444
411663
411688
411780
411933
412047
412232
412277
412371
412924
413166
413288
413344
413349
413359
413545
413650
413657
413672
413716
413735
413741
413865
413914
414030
414067
414089
414114
414387
414619
414696
414765
414773
414846
414849
414870
414894
414967
414978
414986
415205
415244
415266
415271
415301
415317
415330
415472
415664
415856
416205
416258
416328
416464
416527
416577
416602
417084
417134
417230
417235
417321
417530
417590
417635
417692
417727
417895
417944
418118
418315
418316
418428
418460
418469
418473
418849
418897
418959
419016
419075
419224
419245
419265
419411
419475
419516
419611
419653
419653
419721
419791
420033
420243
420335
420408
420474
420477
420741
420780
420829
420969
421015
421064
421075
421122
421189
421279
421287
421317
421397
421409
421426
421442
421483
421524
421603
421631
421820
421831
421881
421958
421976
422000
422043
422075
422159
422225
422289
422322
422392
422399
422453
422623
422714
422798
423014
423121
423204
423282
423316
423595
424037
424164
424242
424336
424393
424494
424606
424665
425032
425152
425230
425269
425296
425345
425405
425573
425652
425721
425954
426073
426113
426206
426440
426611
426640
426692
426716
426730
426765
426798
426933
427023
427075
427077
427109
427287
427313
427327
427461
427664
427712
427924
428016
428078
428247
428324
428521
428762
428763
428784
428958
428986
428991
429014
429210
429225
429410
429443
429763
429793
429967
430016
430016
430490
431108
431148
431163
431207
431257
431266
431530
431621
431713
431928
431982
432156
432230
432260
432400
432494
432638
432802
432814
432820
432919
433066
433115
433125
433277
433698
433766
433834
433836
433901
433932
434099
434293
434444
434486
434547
434840
434844
434866
434879
435192
435216
435217
435414
435424
435479
435514
436000
436114
436416
436528
436529
436554
436623
436690
436819
436855
436894
436980
437294
437297
438338
438469
438475
438625
438775
438841
438886
438947
439041
439227
439275
439299
439391
439448
439487
439488
439496
439572
439889
439907
440026
440063
440126
440269
440400
440412
440450
440634
440771
440778
441205
441323
441420
441530
441750
441808
441946
441998
442022
442040
442047
442068
442073
442155
442165
442359
442498
442552
442555
442665
442768
442931
442994
443246
443280
443324
443376
443501
443797
443809
444005
444363
444469
444474
444518
444633
444725
444805
444970
445031
445273
445359
445438
445512
445558
445567
445607
445853
445905
446012
446171
446181
446229
446246
446304
446352
446394
446469
446751
446789
446817
447011
447073
447090
447199
447294
447369
447452
447681
447737
447757
447759
447815
448027
448131
448231
448246
448383
448540
448629
448642
448775
448955
449089
449121
449122
449270
449303
449377
449437
449456
449646
449918
449955
450071
450186
450194
450266
450312
450317
450331
450343
450355
450363
450402
450556
450591
450593
450713
450724
450751
450815
450843
451061
451151
451177
451330
451390
451511
451561
451574
451683
451997
452109
452133
452229
452248
452255
452689
452774
452831
452984
453077
453263
453309
453360
453451
453549
453564
453596
453616
453702
453933
453952
454047
454135
454266
454286
454659
454755
454981
455002
455004
455213
455280
455590
455721
455872
455924
456038
456044
456239
456246
456374
456402
456459
456493
456699
456759
457066
457235
457328
457393
457557
457558
457603
457604
457712
457712
457884
457988
458172
458662
458721
458928
459082
459097
459190
459219
459332
459705
459743
459824
459832
459927
459970
460000
460188
460396
460667
460751
460807
460917
461358
461368
461388
461466
461516
461820
461834
462079
462476
462546
462570
462667
462993
463017
463024
463229
463359
463372
463651
463660
463682
463801
463889
464103
464366
464488
464561
464765
465290
465427
465464
465579
465647
465916
465929
466097
466121
466230
466278
466413
466462
466515
466643
466668
466720
466748
466956
467261
467295
467304
467440
467500
467519
467775
467905
467988
468013
468052
468203
468274
468347
468359
468489
468493
468505
468576
468661
468811
468843
468913
469035
469044
469108
469162
469213
469266
469392
469437
469624
469723
469947
470008
470017
470353
470414
470699
470818
470978
471330
471405
471410
471447
471637
471657
471669
471816
471931
471949
472024
472096
472137
472141
472273
472277
472285
472352
472632
472672
472712
472824
473081
473093
473093
473170
473202
473203
473237
473640
473693
473711
473721
473739
473872
473881
474446
474458
474514
474538
474647
474889
474903
474913
474927
475088
475118
475191
475203
475277
475305
475327
475471
475476
475507
475648
475664
476009
476061
476254
476304
476357
476419
476592
476608
476743
476791
476893
477002
477026
477062
477063
477165
477230
477307
477503
477735
477741
477766
477970
478025
478069
478101
478250
478445
478473
478623
478840
478881
478990
479223
479249
479267
479416
479604
479633
479806
480126
480267
480381
480480
480500
480508
480531
480556
480715
480726
481104
481232
481533
481609
481620
481645
481646
481767
481885
481924
481941
481971
481996
482458
482752
482757
482863
482914
483037
483571
484062
484070
484111
484135
484178
484395
484450
484471
484537
484627
484689
484878
484966
484975
485133
485169
485326
485338
485450
485586
485600
485680
485991
486086
486189
486300
486345
486390
486735
486777
486826
487083
487216
487261
487291
487300
487563
487831
487846
487935
487988
488022
488076
488220
488394
488525
488613
488634
488636
488845
488849
488899
488930
489038
489151
489258
489527
489803
489925
489982
490136
490514
490519
490587
490684
490708
490728
490798
490808
490861
490862
491066
491099
491159
491589
491590
491606
491689
491880
491902
492007
492039
492336
492393
492453
492469
492472
492481
492593
492645
492723
492870
492872
492896
492910
492914
492976
493221
493331
493335
493450
493510
493533
493643
493684
493752
493939
493978
494065
494115
494126
494151
494201
494281
494311
494368
494379
494402
494487
494554
494577
494739
494866
494951
494977
495033
495065
495166
495315
495483
495604
495604
495607
495612
495657
495710
495765
495812
496045
496085
496091
496139
496256
496378
496379
496668
496911
496982
497144
497227
497337
497405
497468
497488
497656
497835
497927
497937
498002
498062
498329
498535
498789
498802
498880
498887
498899
499307
499319
499432
499444
499659
499702
499771
499892
499918
500001
500069
500268
500373
500727
500785
500821
500942
500971
500972
500981
501147
501155
501182
501320
501446
501635
501731
501737
501761
501862
501872
501916
502079
502522
502538
502538
502704
502759
503078
503148
503184
503261
503406
503526
503598
503654
503708
503756
503851
504042
504206
504331
504397
504522
504530
504534
504837
504841
504901
504909
505035
505053
505083
505305
505330
505331
505447
505484
505559
505670
506244
506329
506416
506573
506581
506635
506647
506669
506840
506870
506890
506901
506922
506976
507196
507206
507237
507238
507314
507345
507431
507448
507457
507511
507540
507571
507956
508045
508405
508909
509117
509208
509340
509447
509528
509618
509627
509675
509774
509806
509864
509889
509933
510050
510196
510202
510318
510349
510404
510415
510522
510670
510768
510774
510782
511045
511143
511544
511567
511728
511899
511947
511968
512094
512192
512361
512371
512460
512480
512533
512578
512614
512677
512763
512863
512941
512982
513041
513191
513260
513377
513415
513509
513565
513938
514061
514068
514079
514272
514337
514495
514500
514573
514594
514664
514864
514939
514999
515055
515230
515262
515339
515408
515442
515448
515487
515520
515590
515666
515788
515955
515966
516002
516010
516026
516026
516096
516197
516248
516645
516793
516917
516926
516981
517080
517117
517243
517246
517322
517337
517447
517488
517659
517689
517911
517912
518138
518470
518554
518570
518611
518622
518701
518717
518759
518987
519044
519092
519110
519149
519228
519525
519871
519985
520121
520188
520668
520757
520970
521059
521173
521315
521471
521494
521505
521566
521642
521760
521845
521905
521932
521973
522028
522236
522252
522357
522464
522681
522685
522741
522774
523031
523461
523526
523612
523639
523660
523781
523879
523897
524217
524532
524888
525123
525165
525215
525358
525460
525468
525482
525520
525569
525630
525749
525907
525930
525956
526462
526792
526837
526846
526866
526875
527245
527257
527319
527385
527440
527457
527537
527545
527558
527689
527952
528009
528053
528102
528141
528166
528186
528217
528231
528594
528613
528898
529043
529101
529191
529310
529332
529413
529449
529693
529727
529766
529842
529877
529939
529966
530279
530287
530541
530684
530765
530829
530858
530859
530997
531057
531261
531332
531368
531436
531478
531517
531604
531706
531723
531939
532011
532102
532165
532195
532210
532532
532557
532722
532808
532855
532922
533106
533126
533348
533359
533410
533411
533664
533744
533787
533935
533982
534025
534170
534211
534289
534307
534315
534549
534556
534723
534889
534936
535024
535029
535181
535204
535249
535284
535328
535676
535833
535932
535959
535986
536180
536551
536558
536694
536714
536725
536837
537125
537127
537440
537626
537630
537717
537765
537863
537869
537976
538056
538130
538297
538413
538532
538540
538633
538703
538747
538835
538858
538932
538938
538955
539009
539125
539233
539246
539432
539570
539637
539760
540210
540219
540228
540426
540469
540484
540603
540612
540707
540805
541403
541501
541560
541581
541581
541722
541978
542013
542230
542239
542394
542618
542621
542697
542705
542912
542917
542918
542955
543091
543254
543301
543425
543428
543456
543466
543467
543741
544000
544007
544008
544188
544203
544360
544431
544646
544655
544914
545215
545220
545352
545369
545467
545513
545554
545582
545625
545673
545745
545931
546146
546152
546169
546420
546489
546580
546585
546806
546990
547018
547138
547247
547265
547405
547472
547557
547653
547829
548665
548684
548726
548782
548843
548937
549014
549030
549069
549130
549172
549248
549326
549366
549376
549397
549423
549475
549482
549506
549627
549839
549921
550192
550338
550404
550404
550577
550686
550841
550849
550966
551105
551316
551363
551415
551576
551723
551773
551941
551967
552017
552150
552244
552324
552526
552542
552752
552816
552892
552899
552921
552985
553081
553123
553242
553455
553516
553523
553582
553669
553690
553932
554089
554141
554199
554361
554663
554916
554992
555098
555102
555132
555196
555453
555517
555537
555545
555594
555664
555727
555728
555942
556026
556202
556552
556579
556644
556697
556930
556938
557019
557137
557172
557312
557393
557549
557549
557728
557808
557825
557944
558149
558192
558505
558693
559012
559110
559193
559196
559705
559747
559860
560004
560421
560429
560463
560560
560750
560976
561102
561290
561308
561340
561469
561566
561700
561838
561994
562250
562382
562452
562682
562727
562778
562921
562950
562954
563008
563124
563216
563221
563233
563299
563453
563476
563493
563572
563834
563950
564006
564096
564106
564157
564163
564284
564436
564448
564556
564570
564739
564842
564861
564945
564954
565097
565259
565389
565477
565620
565682
565702
565716
565788
566005
566144
566592
566712
566713
566751
567052
567143
567160
567240
567353
567484
567492
567532
567535
567807
567808
567843
567859
567886
567942
567952
567961
568003
568074
568119
568183
568293
568302
568557
568572
568867
568947
569269
569338
569757
569783
569899
570124
570170
570257
570413
570523
570531
570633
570966
571335
571448
571500
571513
571553
571692
571697
571737
571880
571944
571999
572020
572198
572239
572349
572369
572398
572416
572453
572529
572607
572682
572693
572711
572714
572794
572851
572962
573057
573103
573126
573138
573170
573439
573505
573573
573611
573831
573894
573916
573943
574111
574325
574353
574377
574438
574463
574609
574843
574936
574954
575138
575199
575224
575306
575342
575409
575522
575533
575986
576023
576089
576094
576156
576307
576354
576449
576607
576670
577249
577307
577326
577438
577438
577506
577832
578224
578229
578439
578538
578700
578753
578804
578930
579087
579108
579166
579206
579215
579219
579220
579350
579457
579729
579769
579802
579808
579831
579893
579931
580004
580007
580009
580104
580235
580323
580404
580486
580803
580826
580991
581050
581103
581177
581222
581321
581355
581384
581453
581468
581596
581770
581885
581940
582007
582194
582218
582281
582397
582496
582580
582683
582979
583035
583090
583096
583107
583275
583560
583656
583849
583943
584019
584079
584093
584208
584290
584354
584574
584642
584690
584808
584842
584947
585073
585253
585334
585373
585484
585669
585692
585837
585990
586013
586042
586174
586195
586221
586275
586278
586290
586363
586445
586574
586659
586872
586891
586910
587084
587150
587203
587264
587269
587339
587434
587495
587539
587600
587710
587745
587981
588147
588327
588345
588353
588423
588717
588722
589021
589154
589242
589289
589364
589418
589479
589513
589529
589654
589693
589799
589818
589853
589883
590056
590169
590175
590216
590254
590325
590448
590469
590583
590797
590851
590866
590978
590990
591134
591211
591528
591550
591560
591693
591824
592022
592270
592329
592344
592389
592485
592644
592974
593016
593208
593413
593448
593545
593545
593643
593888
593921
594052
594060
594063
594164
594337
594440
594516
594617
594677
594841
594915
594965
595015
595018
595100
595237
595398
595769
595842
595852
596058
596185
596208
596591
596691
596723
596729
596786
597105
597326
597404
597606
597933
597997
598004
598035
598056
598171
598242
598530
598585
598630
598877
599075
599101
599136
599188
599389
599492
599525
599715
599794
599857
599921
599933
599967
599991
600188
600226
600339
600390
600664
600667
600678
600817
600913
600952
600986
601324
601543
601629
601757
601766
602171
602196
602240
602284
602386
602450
602515
602629
602668
602716
602850
602904
603104
603141
603269
603293
603327
603490
603780
603912
603995
604571
604635
604653
604684
604964
605161
605580
605925
606064
606110
606322
606401
606564
606751
606821
606873
606975
606997
607132
607168
607233
607319
607593
607756
607771
607857
607897
607951
607990
608012
608092
608148
608172
608199
608213
608296
608396
608618
608662
608849
608862
608903
609004
609085
609144
609196
609393
609438
609517
609667
610011
610280
610364
610455
610522
610624
610776
610990
611069
611250
611347
611461
611638
611653
611739
611794
611809
611915
611972
612163
612461
612563
612564
612650
612843
612960
613019
613064
613082
613237
613295
613330
613588
613646
613658
613970
613992
614175
614228
614344
614368
614468
614509
614747
614889
615006
615047
615251
615277
615293
615397
615413
615528
615559
615622
615876
615878
616021
616302
616357
616440
616464
616491
616529
616656
616733
617001
617011
617298
617363
617423
617531
617553
617626
617737
617799
617873
617880
618162
618251
618356
618417
618439
618504
618525
618621
618805
618822
619154
619210
619293
619444
619595
619623
619639
619830
619900
620065
620139
620218
620275
620413
620413
620438
620453
620534
620555
620662
620765
620811
620834
620937
621020
621071
621117
621122
621151
621166
621183
621186
621452
621524
621612
621640
621764
621887
621904
622101
622173
622494
622508
622664
622689
622745
622754
622827
622856
622924
622950
623010
623030
623046
623075
623150
623326
623409
623564
623567
623658
623662
623703
623766
623798
623869
623962
624143
624199
624273
624312
624313
624533
624580
624707
624945
625178
625202
625275
625278
625334
625369
625398
625400
625834
626058
626381
626472
626505
626593
626603
626909
626926
627023
627496
627502
627527
627711
627919
627943
627968
627975
628286
628302
628470
628527
628772
628786
628807
628825
629192
629242
629261
629350
629384
629438
629674
629715
629753
629753
629813
630040
630073
630494
630970
631082
631297
631323
631352
631501
631710
631763
631841
631843
631915
631923
631951
631984
632137
632292
632312
632601
632619
632766
632887
632906
633058
633189
633189
633405
633484
633490
633559
633567
633579
634045
634096
634260
634416
634417
634429
634724
634745
634783
634864
635157
635316
635416
635418
635637
635771
636023
636073
636119
636136
636139
636410
636512
636513
636574
636577
636653
636738
636765
637018
637035
637153
637210
637238
637239
637425
637538
637562
637579
637761
637763
637836
637893
637958
637960
638022
638044
638320
638356
638368
638491
638732
638790
638793
638804
639101
639202
639497
639586
639630
639867
640023
640031
640252
640305
640400
640664
640814
641142
641169
641380
641446
641452
641612
641808
642055
642154
642685
642703
642767
642817
642959
642976
643023
643069
643581
643601
643605
643643
643645
644021
644040
644166
644243
644302
644304
644343
644471
644671
644707
644773
644972
645032
645326
645339
645447
645475
645498
645721
645960
646034
646127
646195
646261
646371
646415
646458
646483
646486
646616
646624
646783
646824
646936
647066
647421
647462
647468
647516
647613
647832
648226
648257
648337
648362
648433
648572
648649
648909
648933
649009
649245
649315
649335
649355
649385
649402
649406
649434
649709
649812
649846
649992
650107
650164
650341
650415
650486
650622
650766
650781
650805
651066
651322
651561
651711
651858
652048
652263
652368
652437
652509
652509
652577
652916
652948
652994
653183
653300
653503
653597
653654
653705
653738
654074
654167
654273
654339
654434
654710
655235
655308
655471
655553
655832
655833
655887
655951
656020
656033
656181
656195
656391
656391
656487
656563
656597
656631
656669
656683
656762
656774
656947
657020
657059
657099
657125
657294
657303
657338
657359
657420
657484
657648
657849
657906
657963
657965
657996
658168
658176
658341
658403
658427
658442
658602
658676
658801
658990
659047
659246
659324
659608
659641
659682
659722
659778
660000
660053
660079
660101
660244
660259
660378
660599
660781
660869
660963
660975
661060
661074
661306
661323
661377
661595
662086
662112
662133
662406
662541
662639
662765
662797
662932
663002
663003
663040
663204
663217
663272
663273
663386
663391
663444
663620
663733
663788
663816
663858
663868
663969
664110
664272
664435
664573
664922
665006
665038
665117
665186
665247
665299
665334
665856
665889
665960
666263
666301
666418
666672
666934
667018
667171
667339
667373
667909
668011
668142
668341
668378
668495
668677
668768
668824
668876
668885
668912
668926
668968
669173
669314
669373
669549
669658
669758
669776
669845
669905
669966
670170
670227
670266
670433
670448
670457
670580
670795
670801
670863
670893
670982
671050
671203
671304
671313
671386
671394
671496
671751
671823
671943
672003
672013
672187
672215
672380
672507
672656
673166
673194
673271
673272
673304
673313
673332
673780
673815
673945
674505
674834
674838
674840
674856
674950
675141
675146
675613
675673
675831
675834
675898
676034
676076
676167
676199
676365
676457
676463
676622
676747
676873
676919
677031
677080
677169
677185
677274
677311
677431
677792
677957
677965
678096
678241
678270
678409
678519
678521
678774
678777
678917
679064
679067
679139
679369
679603
679816
679816
679853
679980
680229
680346
680490
680538
680757
680854
680871
681241
681281
681407
681513
681660
681807
682035
682084
682434
682466
682560
682598
682599
682909
683024
683048
683076
683249
683272
683746
683825
683862
684001
684124
684131
684416
684449
684520
684690
684834
684876
684887
684968
685118
685196
685207
685272
685359
685380
685439
685482
685483
685527
685652
685691
685743
685817
685930
685950
686131
686140
686173
686198
686278
686491
686494
686535
686585
686708
687004
687051
687173
687240
687412
687566
687696
687760
687792
687871
687873
687890
688025
688055
688104
688341
688507
688599
688761
688873
688917
688962
689043
689112
689159
689179
689242
689310
689456
689517
689599
689631
689706
689735
689846
690320
690335
690618
690875
691062
691076
691114
691330
691357
691417
691471
691491
691596
691623
691675
691727
691973
692016
692032
692078
692293
692487
692504
692547
692567
692682
692777
692870
693061
693115
693171
693179
693362
693371
693457
693568
693628
693648
693678
693732
693795
693867
693891
694148
694153
694168
694374
694703
694718
694845
695111
695156
695196
695394
695417
695458
695490
695658
695668
695770
695792
695933
696050
696138
696334
696520
696741
696766
696999
697029
697192
697337
697483
697528
697555
697666
697680
697740
697766
697819
697897
698022
698067
698198
698255
698308
698407
698430
698453
698493
698837
698901
698903
698907
699106
699149
699253
699433
699471
699563
699594
699761
699860
700003
700091
700103
700196
700270
700294
700400
700462
700620
701053
701362
701364
701430
701640
701921
702079
702095
702264
702338
702376
702428
702532
702569
702626
702631
702635
702855
703136
703186
703227
703601
703738
703843
703933
703935
704007
704026
704094
704118
704248
704369
704534
704638
704668
704710
704736
704774
705153
705155
705376
705392
705474
705556
705602
705758
705785
705925
705954
706016
706025
706070
706191
706249
706324
706585
706597
706654
706819
706856
706884
706924
706988
707061
707094
707258
707473
707484
707504
707518
707595
707609
707735
707820
707837
707866
707917
707952
707960
707989
708069
708076
708091
708304
708337
708390
709273
709311
709315
709328
709374
709409
709485
709492
709559
709583
709598
709633
709662
709724
709730
709847
709899
710007
710262
710320
710669
710673
711065
711307
711649
711696
711838
711883
711943
711994
711995
712133
712171
712254
712323
712399
712403
712466
712711
712739
713015
713048
713184
713205
713256
713317
713454
713454
713487
713513
713649
713693
713791
713869
713874
713947
714132
714184
714303
714484
714498
714513
714661
714685
714789
714958
715000
715090
715207
715617
715630
715798
715891
715928
715943
716058
716134
716195
716323
716361
716746
716924
716961
717027
717108
717132
717186
717261
717299
717420
717700
717772
717774
717829
718004
718027
718037
718069
718119
718369
718377
718448
718581
718583
718758
718804
718928
719186
719198
719285
719317
719435
719628
719646
719961
719999
720024
720224
720272
720452
720622
720716
720859
720912
721137
721226
721307
721710
722005
722287
722518
722666
722732
722942
722994
723057
723092
723116
723164
723178
723182
723182
723220
723291
723409
723442
723505
723532
723610
723928
724078
724531
724552
724652
724719
724850
724959
724964
724988
725023
725322
725376
725555
725584
725678
725913
726024
726258
726447
726670
726953
726954
727001
727122
727140
727289
727464
727637
727644
727657
727680
727761
727773
727850
727863
727914
728000
728154
728277
728283
728340
728400
728408
728424
728439
728498
728535
728687
728845
729090
729148
729152
729157
729311
729564
729644
729792
729984
730098
730182
730239
730378
730410
730473
730665
730753
730887
731025
731063
731133
731317
731399
731595
731726
731761
731770
731875
731899
731920
732118
732132
732143
732468
732468
732596
732653
732701
733008
733046
733092
733125
733135
733158
733437
733565
733644
733650
733670
733815
734167
734195
734359
734403
734433
734476
734534
734603
734883
734891
735048
735119
735355
735373
735414
735495
735657
735793
735860
736002
736068
736124
736296
736489
736638
736660
736857
736857
736863
737077
737080
737113
737174
737221
737311
737395
737542
737556
737566
737831
738194
739559
739653
739709
739718
739804
739916
739950
739958
739976
740198
740216
740262
740398
740499
740671
740706
740919
741016
741033
741124
741404
741411
741422
741425
741503
741538
741563
741595
741702
742002
742065
742105
742157
742198
742309
742399
742426
742545
742554
742687
742777
742844
742894
743027
743062
743141
743169
743278
743322
743422
743430
743567
743589
743854
743917
743941
744153
744161
744181
744187
744230
744257
744460
744765
744825
744888
745030
745167
745293
745406
745589
745874
746049
746176
746267
746407
746571
746621
746627
746638
746934
747179
747386
747432
747473
747924
748064
748187
748336
748663
748742
748770
748781
748812
748834
748844
748867
748912
748980
749113
749119
749151
749198
749212
749373
749517
749862
749900
749983
750021
750128
750264
750309
750350
750405
750498
750622
750717
750879
751014
751040
751166
751183
751452
751701
751773
751776
751788
751793
751831
752047
752338
752670
753135
753150
753223
753263
753364
753385
753554
753730
753735
753819
753837
753978
754007
754011
754234
754480
754501
754615
754640
754765
754819
755012
755044
755139
755215
755520
755746
755830
755859
755879
755974
756231
756392
756412
756450
756653
756782
756795
756841
756898
757001
757191
757309
757506
757660
757702
757720
757873
757922
758001
758005
758080
758345
758432
758519
758591
758651
758811
758872
758939
758954
758955
759068
759091
759098
759116
759156
759167
759224
759253
759361
759521
759610
759611
759820
759866
759892
759907
759922
760063
760182
760315
760325
760521
760577
760596
760629
760714
760757
760785
761038
761177
761202
761230
761318
761346
761408
761494
761698
761801
761847
761860
762028
762075
762226
762284
762337
762359
762514
762670
762705
762713
762718
762839
762893
762963
763090
763354
763400
763413
763670
763734
763806
763893
763964
764162
764379
764510
764572
764723
764836
764893
764927
764998
765018
765124
765382
765385
765450
765452
765524
765614
765653
765687
765934
766083
766236
766279
766324
766676
766686
766794
766807
766949
766982
767014
767067
767168
767360
767403
767518
767704
767736
767849
768027
768063
768066
768170
768293
768296
768324
768370
768713
768935
768956
769244
769318
769325
769517
769673
769682
769856
769884
769889
769951
769953
769995
770038
770070
770088
770380
770516
770670
770691
770791
770906
771008
771070
771141
771302
771365
771530
771582
771653
771699
771728
771880
771930
771964
771985
772021
772181
772212
772226
772326
772442
772472
772539
772693
772748
772889
772949
773108
773289
773323
773384
773408
773448
773506
773515
773652
773672
773747
774000
774018
774168
774254
774338
774390
774428
774835
775111
775224
775465
775530
775797
775868
775904
775990
776019
776114
776117
776121
776219
776234
776523
776612
776788
776844
776931
776942
777068
777101
777175
777349
777349
777372
777400
777424
777552
777697
777793
777798
777867
777881
777923
778080
778126
778241
778279
778323
778357
778369
778390
778583
778632
778769
778793
778856
779289
779388
779436
779468
779568
779618
779705
779828
779849
779950
780023
780077
780188
780433
780447
780493
780614
780634
780744
780750
780808
780824
780878
781019
781140
781148
781207
781214
781261
781416
781456
781478
781539
781567
781727
781758
781897
782103
782196
782393
782463
782576
782685
782878
782890
782989
782998
783042
783085
783137
783288
783365
783392
783567
783742
783747
783921
783955
783985
784029
784082
784137
784157
784369
784591
784612
784622
784887
784913
784997
785020
785073
785207
785484
785574
785579
785866
785941
786252
786619
786850
786888
787101
787157
787162
787166
787304
787484
787492
787737
787799
788121
788390
788410
788596
788648
788654
788863
788949
788976
789169
789183
789224
789330
789331
789519
789549
789602
789611
789646
789689
789908
789924
789944
789986
790018
790372
790418
790791
790972
791027
791053
791109
791163
791309
791334
791363
791415
791528
791650
791752
791826
791863
791907
792139
792388
792466
792609
792729
792758
792772
792820
792999
793014
793041
793197
793393
793481
793519
793575
793673
793686
793756
793781
793796
794094
794210
794218
794256
794269
794420
794442
794463
794486
794621
794698
794900
795111
795305
795317
795484
795598
795599
795642
795816
795825
795944
796053
796104
796119
796171
796224
796273
796617
796671
796711
796711
797033
797177
797195
797324
797325
797399
797401
797474
797676
797731
797733
797874
798061
798096
798198
798221
798262
798524
798689
798715
798760
798813
798838
798858
798952
799375
799380
799743
800029
800139
800239
800250
800264
800632
800832
800901
800907
800936
801041
801088
801371
801501
801683
801764
801808
802083
802092
802141
802232
802263
802464
802763
803394
803441
803469
803580
803661
803677
803693
803704
803736
803740
804118
804206
804229
804343
804375
804398
804442
804543
804596
804750
804761
804986
805077
805088
805165
805277
805314
805375
805608
805613
805819
805888
805935
805941
805983
806258
806266
806343
806357
806555
806608
806633
806688
806826
806980
807024
807029
807041
807139
807162
807214
807227
807517
807666
807728
807847
807863
807917
808007
808011
808065
808068
808252
808300
808409
808506
808585
808650
808709
808744
808759
808941
809016
809038
809149
809193
809407
809493
809580
810307
810377
810479
810717
810786
810872
810896
810922
811132
811141
811238
811359
811500
811522
811522
811678
811733
811746
811850
811857
811869
812059
812059
812253
812356
812483
812543
812547
812566
813115
813203
813222
813262
813309
813522
813533
813548
813599
813714
813736
813799
813819
813853
813862
814046
814122
814228
814262
814358
814399
814417
814517
814713
814782
814828
814876
814893
814945
815217
815220
815481
815594
815626
815742
815840
815847
816119
816288
816337
816394
816883
817042
817081
817098
817160
817202
817288
817448
817469
817527
817542
817653
817708
817858
817958
817972
818000
818061
818133
818255
818286
818515
818933
818956
818997
819055
819167
819201
819224
819234
819474
819483
819521
819659
819822
819967
819976
820061
820180
820408
820452
820529
820661
820684
820844
820912
821261
821530
821663
821671
821713
821822
821846
821875
822044
822159
822262
822297
822335
822348
822419
822551
822711
822724
822781
822826
822989
823007
823080
823105
823128
823178
823189
823248
823344
823457
823489
823497
823524
823530
823606
823630
823729
823764
823793
823796
823852
823922
823990
824002
824037
824047
824092
824281
824305
824639
824683
824872
824888
824957
825014
825122
825207
825253
825337
825344
825347
825560
825759
825822
825854
825937
826041
826133
826206
826252
826384
826445
826607
826722
826892
826896
826923
827002
827074
827078
827088
827122
827359
827382
827458
827464
827533
827807
827820
827964
828011
828116
828233
828360
828366
828387
828476
828507
828563
828614
828655
828949
828982
829075
829117
829203
829252
829309
829327
829333
829446
829585
829653
829692
829916
830256
830318
830340
830368
830391
830451
830510
830568
830721
830731
830826
830955
830973
830988
831030
831075
831106
831314
831321
831357
831432
831543
831587
831594
831716
831912
832148
832178
832186
832326
832368
832377
832436
832575
832641
832647
832650
832736
832813
832906
833019
833050
833310
833321
833361
833750
833753
833806
833813
833891
833931
833981
833981
834021
834037
834111
834135
834305
834692
834755
834891
835074
835278
835360
835531
835740
835851
836049
836233
836353
836564
836564
836693
836764
836802
836895
837232
837300
837362
837584
837610
837704
837778
837782
837906
838051
838089
838093
838122
838155
838349
838581
838641
838716
839147
839176
839417
839527
839654
839654
839791
839853
839893
839988
839991
840027
840236
840258
840846
840930
840953
841032
841048
841139
841272
841392
841414
841459
841535
841744
841815
842019
842088
842179
842207
842389
842393
842439
842658
843114
843326
843370
843401
843507
843571
843620
843747
843797
843828
843863
844060
844077
844246
844402
844558
844613
844677
844894
845001
845019
845171
845467
845479
845583
845735
845815
845871
845997
846164
846402
846506
846634
846674
846802
847212
847216
847220
847266
847578
847905
847999
848000
848016
848040
848059
848065
848165
848209
848293
848335
848432
848459
848613
848630
849003
849006
849009
849019
849111
849141
849350
849494
849599
849827
849893
850006
850123
850373
850514
850553
850609
850655
850786
850907
850918
850944
850970
851018
851025
851051
851113
851157
851245
851360
851649
851824
851857
852001
852104
852213
852384
852425
852431
852485
852498
852636
852704
852776
852784
852851
853055
853231
853356
853462
853487
853899
853913
853961
854010
854014
854026
854163
854186
854227
854327
854508
854527
854770
854817
854886
855147
855159
855159
855513
855515
855617
855891
855912
856117
856155
856159
856264
856307
856473
856511
856595
856611
856614
856768
856790
856793
856843
857026
857104
857164
857407
857487
857698
857866
857873
858001
858028
858093
858268
858434
858653
858660
858770
858817
858843
858852
859045
859128
859155
859171
859223
859472
859475
859519
859573
859595
859727
859744
859848
859927
859939
859950
860249
860254
860436
860604
860647
860893
861194
861226
861254
861397
861465
861490
861594
861657
861680
861895
861951
861981
862058
862143
862393
862523
862658
862723
862731
862854
862872
862975
863023
863196
863253
863261
863332
863356
863405
863444
863648
863807
864025
864032
864142
864144
864156
864199
864410
864411
864457
864579
864585
864694
864698
864700
864796
864887
865000
865173
865406
865418
865483
865617
866094
866126
866141
866182
866351
866401
866407
866490
866506
866543
866547
866576
866773
866782
867040
867065
867114
867207
867234
867297
867394
867527
867546
867546
867622
867751
867825
867929
868158
868268
868561
868581
868703
868780
868926
869166
869178
869447
869480
869657
869733
869741
869812
869850
869892
870034
870104
870176
870270
870331
870402
870540
870568
870629
870671
870713
870773
870928
871092
871102
871214
871287
871344
871362
871380
871397
871397
871585
871777
871800
871869
872137
872180
872258
872433
872640
872842
873040
873060
873095
873246
873345
873351
873382
873516
873518
873556
873576
873772
873850
873860
873920
874103
874280
874315
874503
874556
874832
875344
875367
875524
875524
875632
876235
876264
876414
876526
876528
876602
876790
876879
876956
876984
877118
877200
877281
877305
877393
877425
877442
877492
877520
877688
877889
877891
877920
877954
877990
878374
878387
878402
878503
878509
878526
878685
878793
878880
878960
878978
879089
879126
879350
879386
879505
879607
879664
879766
879810
879957
879989
880098
880331
880507
880537
880616
880691
880719
880916
881076
881148
881157
881306
881368
881550
881652
881677
881727
882108
882131
882210
882352
882454
882567
882576
882730
882734
882801
882895
883289
883331
883346
883427
883435
883468
883550
883571
883589
883592
883615
883686
883755
883765
883773
883788
883847
883900
884052
884145
884416
884637
884651
884725
884771
884901
884903
884935
884938
884963
885022
885068
885247
885533
885859
886030
886223
886242
886373
886403
886451
886748
887222
887372
887439
887494
887540
887570
887695
887699
887729
887757
887804
887846
887856
887934
888057
888191
888262
888303
888328
888368
888443
888452
888592
888764
888889
888911
888932
888937
888987
889005
889161
889197
889230
889322
889351
889358
889560
889587
889591
889690
889775
890026
890069
890151
890469
890701
890872
890881
891002
891019
891167
891300
891359
891362
891391
891417
891599
891739
891885
891997
892005
892094
892237
892268
892312
892420
892541
892597
892631
892720
892796
893020
893068
893114
893164
893212
893270
893304
893335
893342
893386
893401
893402
893475
893531
893694
893959
893994
894143
894277
894307
894357
894366
894385
894424
894530
894716
894732
894812
895072
895109
895314
895361
895493
895537
895725
895748
895897
895912
895941
896060
896130
896234
896252
896401
896496
896770
896797
896816
896821
897025
897254
897285
897389
897400
897469
897521
897566
897604
897753
897835
897840
897904
898120
898223
898458
898485
898509
898520
898530
898589
898638
898723
898872
898957
898960
899090
899105
899207
899465
899589
899695
899698
899792
899906
899924
899925
899940
900033
900106
900265
900348
900434
900447
900541
900639
900677
900695
900898
900899
900954
901011
901157
901264
901355
901505
901582
901625
901715
901858
901864
902020
902130
902742
902845
902868
903000
903168
903236
903455
903493
903542
903557
903631
903651
903660
903712
903762
903860
903868
903877
904139
904234
904481
904515
904737
904950
904989
905287
905443
905532
905853
905862
906032
906066
906121
906184
906251
906268
906450
906460
906599
906737
906948
906966
906986
907327
907425
907538
907931
907946
908002
908005
908049
908273
908438
908597
908620
908652
908675
908788
908800
909069
909072
909229
909274
909320
909427
909443
909518
909617
909665
909678
909685
909698
909760
909765
909771
909806
909844
910270
910335
910447
910524
910582
910643
910645
910745
910856
910998
911002
911008
911030
911079
911089
911092
911165
911180
911268
911325
911859
912344
912451
912565
912719
912813
912850
912923
913351
913381
913410
913681
913765
914122
914208
914290
914353
914373
914566
914695
914742
915026
915075
915168
915233
915240
915275
915412
915434
915817
915896
915975
916012
916246
916345
916539
916553
916652
916713
916778
916872
917119
917146
917225
917404
917607
917623
917742
917753
917881
917886
917920
917953
917954
918361
918450
918578
918751
918877
919002
919101
919113
919119
919181
919278
919283
919566
919745
919809
919954
919960
920002
920038
920045
920085
920086
920113
920302
920454
920460
920582
920761
920808
921039
921141
921245
921559
921561
921612
921628
921769
922000
922103
922149
922228
922265
922541
922578
922598
922963
923022
923027
923054
923114
923294
923368
923551
923830
923891
923993
924037
924051
924125
924150
924174
924193
924241
924382
924564
924588
924594
924756
924788
924857
924883
924963
925113
925162
925217
925232
925454
925468
925539
925758
925821
925930
925932
925962
926263
926301
926370
926460
926539
926668
926686
926993
927076
927133
927166
927173
927207
927368
927529
927548
927602
927668
927790
927856
927931
928096
928317
928334
928376
928444
928511
928523
928596
928673
928847
928930
929044
929173
929200
929244
929412
929419
929421
930066
930081
930248
930250
930500
930555
930695
931062
931140
931218
931384
931386
931660
931877
931951
932321
932351
932419
932444
932452
932494
932522
932622
933017
933169
933181
933350
933369
933385
933515
933634
933781
933803
934101
934317
934477
934621
934622
934661
934811
935019
935169
935295
935298
935536
935646
935792
935906
935967
936224
936383
936454
936524
936533
936536
936541
936746
936891
936981
937000
937050
937068
937197
937222
937404
937470
937473
937501
937552
937774
937793
937830
937909
937948
938036
938060
938455
938521
938531
938771
939082
939170
939379
939546
939556
939579
939705
939896
939941
940130
940192
940322
940332
940397
940404
940711
940714
940847
940878
941002
941092
941104
941181
941362
941646
941788
941917
942099
942099
942167
942283
942354
942588
942589
942826
942882
943054
943080
943103
943113
943118
943192
943197
943288
943435
943532
943627
943672
943700
943871
943901
943904
944008
944019
944155
944156
944157
944180
944196
944228
944441
944655
944989
945067
945096
945184
945201
945315
945439
945463
945501
945551
945562
945570
945642
945683
945839
945849
945863
945879
946045
946057
946523
946658
946660
946733
947131
947201
947281
947292
947315
947341
947360
947437
947468
947488
947627
947659
947947
948093
948156
948187
948400
948403
948491
948636
948706
948719
948756
948963
949255
949298
949300
949303
949474
949561
949841
949917
950039
950326
950464
950612
950717
950984
951073
951099
951138
951247
951299
951386
951436
951438
951578
951578
951726
951810
951887
951920
951973
952121
952503
952563
952627
952673
952826
953183
953632
953695
953922
953933
954019
954297
954310
954432
954599
954735
954783
954788
954886
954933
955077
955151
955244
955300
955599
955644
955656
955949
956061
956399
956524
956619
956623
956882
956918
956934
957028
957169
957188
957451
957571
957679
957753
957791
957883
957978
957991
958031
958074
958102
958291
958449
958602
958624
958625
958640
958661
958759
958789
958820
958847
958855
958887
958896
958904
958943
959122
959187
959593
959603
959611
959626
959665
959718
959786
959927
960002
960009
960104
960174
960513
960562
960797
960822
960824
960844
960887
961069
961238
961702
961878
962091
962093
962261
962312
962443
962580
962650
962729
962846
962904
962973
962993
963111
963130
963210
963229
963266
963360
963437
963647
963807
963925
963990
964003
964040
964174
964257
964532
964584
964679
964679
964759
964923
965093
965105
965183
965234
965252
965298
965441
965486
965502
965613
965736
965797
965859
965963
966057
966074
966109
966120
966190
966309
966352
966940
966962
967166
967448
967539
967567
967706
967833
967849
967913
968332
968444
968492
968647
968665
968827
968877
969187
969395
969635
969657
969961
969965
970120
970544
970576
970803
970805
970871
970943
971039
971109
971320
971518
971543
971594
971751
971812
971840
971896
972023
972035
972048
972318
972394
972425
972606
972626
972666
972683
972729
972810
973097
973415
973573
973675
973769
973784
973945
974102
974218
974237
974291
974411
974535
974689
974745
974781
974831
974859
974874
974984
975041
975058
975059
975071
975186
975207
975307
975446
975912
976131
976153
976175
976200
976306
976347
976384
976465
976474
976575
976590
976603
976693
976759
976788
976872
976893
976993
977205
977349
977437
977526
977565
977571
977634
977649
977780
977890
978031
978302
978328
978329
978357
978435
978696
978727
978775
978877
978983
979000
979295
979508
979726
979818
979892
979983
980035
980039
980125
980134
980164
980177
980273
980515
980550
980593
980910
980983
981161
981218
981329
981374
981408
981489
981511
981620
981659
982087
982212
982783
983069
983080
983082
983285
983378
983452
983570
983656
983665
983685
983929
984033
984070
984137
984171
984188
984418
984459
984617
984630
984731
984749
984822
984843
984905
984907
985047
985206
985273
985648
985741
985900
985906
986064
986106
986140
986192
986316
986419
986491
986517
986713
986742
986889
987131
987233
987290
987406
987435
987618
987618
987620
987956
987979
987982
988146
988193
988336
988724
988786
988991
989074
989466
989645
989668
989713
989787
989889
989954
989964
990037
990051
990067
990070
990106
990147
990468
990543
990579
990807
990854
990917
990957
991011
991088
991301
991415
991447
991536
991578
991815
991822
991913
991932
991936
992097
992098
992136
992212
992255
992256
992318
992326
992632
992660
992698
992757
992931
992950
992953
992977
992980
993001
993005
993085
993237
993275
993338
993476
993488
993495
993617
993775
993949
994016
994202
994370
994526
994617
994658
994786
994885
994922
994995
995036
995137
995194
995328
995467
995511
995616
995667
995754
995793
995841
995870
995943
996011
996017
996062
996083
996235
996291
996353
996524
996526
996617
996672
996745
996876
996965
996972
997090
997176
997240
997263
997285
997309
997372
997440
997463
997480
997492
997774
997794
997928
998120
998133
998218
998246
998262
998263
998335
998460
998505
998648
998678
998788
998809
998840
998844
998905
999135
999403
999553
999757
999967
